0.5
0.4
0.64
0.575
0.6
0.56
0.5
0.66
0.46
0.7
0.76
0.46
0.62
0.52
0.62
0.66
0.56
0.54
0.52
0.54
0.76
0.375
0.76
0.48
0.66
0.72
0.76
0.52
0.66
0.68
0.4
0.48
0.46
0.58
0.32
0.6
0.5
0.66
0.26
0.36
0.5
0.48
0.62
0.45
0.62
0.34
0.52
0.675
0.65
0.4
0.42
0.3
0.36
0.46
0.6
0.54
0.42
0.46
0.66
0.28
0.42
0.34
0.9
0.8
0.4
0.5
0.66
0.52
0.85
0.58
0.62
0.2
0.48
0.2
0.6
0.575
0.36
0.44
0.28
0.68
0.7
0.42
0.66
0.8
0.7
0.44
0.5
0.44
0.34
0.58
0.54
0.52
0.62
0.34
0.65
0.54
0.58
0.7
0.5
0.56
0.5
0.36
0.58
0.48
0.44
0.24
0.56
0.7
0.675
0.52
0.44
0.76
0.26
0.72
0.52
0.44
0.36
0.46
0.4
0.48
0.44
0.66
0.46
0.36
0.725
0.42
0.38
0.54
0.4
0.42
0.58
0.78
0.28
0.54
0.68
0.54
0.6
0.78
0.3
0.74
0.46
0.7
0.5
0.52
0.6
0.34
0.62
0.44
0.44
0.6
0.84
0.6
0.62
0.52
0.78
0.78
0.62
0.74
0.62
0.46
0.56
0.4
0.54
0.5
0.6
0.48
0.6
0.175
0.62
0.52
0.68
0.48
0.58
0.3
0.68
0.6
0.76
0.62
0.32
0.6
0.32
0.54
0.5
0.52
0.6
0.52
0.46
0.64
0.38
0.12
0.6
0.26
0.74
0.42
0.54
0.46
0.78
0.24
0.52
0.38
0.28
0.5
0.48
0.52
0.6
0.78
0.62
0.6
0.64
0.48
0.62
0.7
0.34
0.7
0.56
0.72
0.7
0.54
0.34
0.54
0.24
0.52
0.4
0.46
0.48
0.52
0.28
0.7
0.32
0.74
0.76
0.42
0.4
0.26
0.56
0.28
0.5
0.38
0.44
0.64
0.64
0.54
0.16
0.66
0.4
0.68
0.52
0.66
0.76
0.66
0.42
0.76
0.26
0.48
0.32
0.34
0.24
0.54
0.88
0.675
0.32
0.3
0.54
0.7
0.76
0.48
0.42
0.5
0.72
0.48
0.56
0.46
0.62
0.74
0.34
0.72
0.5
0.38
0.4
0.6
0.5
0.68
0.625
0.3
0.7
0.5
0.44
0.3
0.46
0.54
0.74
0.44
0.44
0.72
0.54
0.6
0.52
0.4
0.62
0.54
0.82
0.72
0.74
0.7
0.28
0.74
0.7
0.74
0.82
0.74
0.8
0.66
0.56
0.3
0.38
0.74
0.6
0.2
0.78
0.82
0.62
0.56
0.66
0.76
0.64
0.58
0.5
0.46
0.34
0.6
0.24
0.54
0.68
0.88
0.76
0.66
0.28
0.54
0.34
0.66
0.66
0.42
0.62
0.48
0.78
0.4
0.84
0.42
0.5
0.54
0.48
0.42
0.68
0.88
0.48
0.34
0.66
0.62
0.66
0.38
0.6
0.18
0.68
0.16
0.76
0.24
0.52
0.56
0.68
0.8
0.62
0.5
0.6
0.56
0.66
0.68
0.58
0.76
0.34
0.76
0.76
0.3
0.82
0.8
0.72
0.66
0.4
0.8
0.4
0.88
0.36
0.66
0.32
0.1
0.78
0.24
0.38
0.72
0.825
0.38
0.72
0.66
0.84
0.3
0.68
0.62
0.62
0.86
0.38
0.38
0.6
0.75
0.76
0.36
0.6
0.5
0.86
0.58
0.54
0.68
0.8
0.74
0.64
0.68
0.46
0.56
0.58
0.62
0.68
0.52
0.7
0.74
0.52
0.72
0.52
0.72
0.58
0.28
0.58
0.42
0.58
0.44
0.5
0.42
0.86
0.62
0.5
0.54
0.48
0.54
0.4
0.34
0.64
0.68
0.38
0.3
0.54
0.82
0.46
0.48
0.44
0.54
0.42
0.54
0.76
0.44
0.62
0.78
0.72
0.64
0.36
0.44
0.6
0.4
0.7
0.36
0.74
0.78
0.68
0.68
0.54
0.7
0.74
0.66
0.38
0.5
0.46
0.675
0.44
0.22
0.9
0.6
0.54
0.72
0.64
0.48
0.4
0.36
0.48
0.46
0.4
0.36
0.8
0.72
0.42
0.7
0.48
0.56
0.34
0.825
0.54
0.62
0.36
0.64
0.64
0.28
0.74
0.75
0.575
0.68
0.44
0.54
0.38
0.72
0.62
0.66
0.52
0.45
0.58
0.46
0.48
0.82
0.54
0.82
0.6
0.66
0.46
0.12
0.42
0.38
0.62
0.34
0.4
0.48
0.44
0.66
0.4
0.175
0.48
0.42
0.28
0.36
0.66
0.74
0.6
0.42
0.46
0.7
0.4
0.4
0.62
0.54
0.68
0.58
0.62
0.62
0.68
0.46
0.56
0.68
0.68
0.34
0.625
0.68
0.58
0.7
0.64
0.34
0.44
0.425
0.44
0.68
0.62
0.48
0.24
0.56
0.78
0.4
0.32
0.35
0.62
0.7
0.76
0.4
0.46
0.6
0.44
0.24
0.65
0.48
0.2
0.52
0.38
0.64
0.32
0.7
0.65
0.68
0.54
0.525
0.58
0.625
0.56
0.72
0.62
0.6
0.34
0.4
0.64
0.5
0.58
0.66
0.36
0.58
0.26
0.4
0.48
0.4
0.56
0.26
0.8
0.74
0.6
0.3
0.36
0.82
0.625
0.26
0.775
0.88
0.68
0.78
0.42
0.56
0.54
0.5
0.72
0.46
0.5
0.74
0.46
0.64
0.34
0.68
0.34
0.88
0.74
0.75
0.5
0.78
0.58
0.7
0.44
0.56
0.38
0.34
0.32
0.32
0.26
0.58
0.35
0.54
0.78
0.32
0.82
0.84
0.42
0.8
0.24
0.54
0.88
0.36
0.72
0.7
0.46
0.52
0.64
0.5
0.56
0.68
0.44
0.5
0.56
0.52
0.62
0.4
0.58
0.42
0.64
0.36
0.7
0.7
0.66
0.82
0.42
0.36
0.7
0.68
0.52
0.76
0.58
0.68
0.26
0.7
0.52
0.38
0.44
0.45
0.5
0.66
0.44
0.38
0.24
0.72
0.38
0.72
0.625
0.6
0.26
0.56
0.66
0.76
0.82
0.68
0.68
0.58
0.46
0.3
0.54
0.68
0.6
0.64
0.56
0.64
0.46
0.5
0.62
0.32
0.56
0.7
0.72
0.72
0.7
0.36
0.42
0.82
0.64
0.44
0.3
0.46
0.66
0.62
0.78
0.8
0.64
0.72
0.64
0.6
0.52
0.6
0.42
0.62
0.66
0.48
0.28
0.62
0.26
0.52
0.42
0.62
0.82
0.34
0.74
0.36
0.64
0.28
0.22
0.48
0.52
0.64
0.5
0.475
0.72
0.62
0.56
0.42
0.66
0.72
0.6
0.42
0.4
0.6
0.44
0.72
0.7
0.98
0.38
0.52
0.4
0.38
0.72
0.42
0.3
0.62
0.46
0.54
0.58
0.56
0.46
0.3
0.2
0.34
0.42
0.48
0.5
0.425
0.38
0.38
0.44
0.32
0.52
0.66
0.34
0.92
0.42
0.34
0.18
0.76
0.46
0.78
0.34
0.54
0.3
0.36
0.4
0.78
0.44
0.28
0.34
0.86
0.58
0.72
0.52
0.16
0.62
0.74
0.54
0.58
0.62
0.475
0.52
0.56
0.62
0.64
0.44
0.28
0.68
0.66
0.66
0.28
0.52
0.42
0.86
0.44
0.34
0.22
0.68
0.64
0.66
0.58
0.66
0.72
0.78
0.675
0.62
0.48
0.78
0.18
0.6
0.68
0.5
0.6
0.44
0.48
0.18
0.78
0.7
0.76
0.56
0.72
0.44
0.54
0.62
0.56
0.46
0.26
0.74
0.5
0.42
0.58
0.56
0.82
0.82
0.48
0.44
0.36
0.34
0.34
0.9
0.3
0.72
0.56
0.6
0.46
0.36
0.52
0.48
0.82
0.8
0.32
0.72
0.34
0.88
0.52
0.52
0.28
0.64
0.7
0.26
0.5
0.62
0.62
0.72
0.6
0.42
0.54
0.36
0.52
0.58
0.28
0.44
0.4
0.5
0.56
0.52
0.56
0.6
0.6
0.84
0.42
0.7
0.74
0.48
0.48
0.6
0.48
0.46
0.48
0.76
0.68
0.42
0.5
0.78
0.5
0.32
0.6
0.78
0.62
0.74
0.62
0.48
0.34
0.66
0.46
0.6
0.54
0.58
0.5
0.36
0.8
0.68
0.22
0.52
0.6
0.7
0.44
0.6
0.44
0.8
0.72
0.6
0.475
0.52
0.42
0.64
0.58
0.24
0.3
0.74
0.5
0.54
0.34
0.6
0.62
0.52
0.48
0.8
0.62
0.6
0.42
0.72
0.3
0.4
0.62
0.3
0.58
0.8
0.9
0.76
0.62
0.64
0.62
0.64
0.74
0.72
0.42
0.6
0.28
0.56
0.54
0.7
0.7
0.6
0.6
0.64
0.46
0.46
0.5
0.58
0.66
0.36
0.58
0.56
0.44
0.42
0.36
0.54
0.4
0.36
0.72
0.58
0.3
0.4
0.68
0.4
0.8
0.325
0.5
0.56
0.74
0.68
0.58
0.56
0.72
0.48
0.42
0.68
0.28
0.5
0.74
0.8
0.42
0.44
0.74
0.52
0.46
0.62
0.2
0.5
0.28
0.6
0.22
0.48
0.48
0.36
0.28
0.68
0.6
0.36
0.52
0.36
0.78
0.58
0.46
0.58
0.32
0.64
0.62
0.6
0.3
0.52
0.44
0.48
0.48
0.84
0.525
0.38
0.48
0.36
0.62
0.3
0.68
0.74
0.68
0.6
0.26
0.8
0.36
0.28
0.7
0.44
0.5
0.64
0.78
0.72
0.56
0.38
0.7
0.64
0.58
0.64
0.44
0.26
0.46
0.74
0.28
0.46
0.44
0.6
0.42
0.75
0.7
0.62
0.68
0.54
0.58
0.64
0.64
0.38
0.56
0.58
0.6
0.5
0.72
0.58
0.84
0.56
0.04
0.62
0.68
0.52
0.64
0.68
0.46
0.38
0.76
0.8
0.52
0.32
0.76
0.7
0.6
0.6
0.5
0.34
0.6
0.64
0.4
0.68
0.2
0.56
0.54
0.54
0.5
0.92
0.52
0.36
0.74
0.48
0.44
0.58
0.68
0.38
0.56
0.5
0.76
0.56
0.62
0.76
0.5
0.24
0.72
0.44
0.575
0.54
0.88
0.68
0.68
0.74
0.32
0.68
0.65
0.78
0.26
0.62
0.32
0.36
0.62
0.48
0.72
0.66
0.38
0.38
0.54
0.54
0.52
0.5
0.5
0.56
0.54
0.4
0.74
0.58
0.4
0.3
0.36
0.52
0.72
0.38
0.64
0.7
0.62
0.3
0.86
0.28
0.44
0.4
0.82
0.62
0.5
0.54
0.66
0.66
0.4
0.36
0.5
0.4
0.4
0.36
0.6
0.7
0.7
0.38
0.66
0.74
0.54
0.48
0.68
0.58
0.4
0.28
0.5
0.74
0.375
0.52
0.62
0.6
0.4
0.72
0.5
0.64
0.66
0.28
0.38
0.5
0.475
0.36
0.42
0.48
0.62
0.68
0.5
0.8
0.42
0.54
0.48
0.58
0.78
0.28
0.55
0.64
0.48
0.66
0.3
0.44
0.46
0.1
0.34
0.54
0.66
0.5
0.74
0.44
0.78
0.72
0.4
0.6
0.52
0.64
0.44
0.72
0.32
0.56
0.52
0.44
0.24
0.36
0.58
0.48
0.72
0.82
0.58
0.44
0.54
0.4
0.6
0.76
0.44
0.32
0.4
0.64
0.38
0.42
0.56
0.54
0.48
0.48
0.76
0.82
0.36
0.58
0.3
0.68
0.46
0.4
0.54
0.28
0.52
0.56
0.6
0.42
0.42
0.78
0.46
0.66
0.2
0.46
0.32
0.58
0.58
0.4
0.5
0.68
0.72
0.48
0.58
0.42
0.16
0.76
0.38
0.56
0.5
0.86
0.62
0.56
0.44
0.5
0.64
0.5
0.52
0.72
0.52
0.68
0.6
0.44
0.6
0.74
0.32
0.7
0.8
0.28
0.76
0.5
0.46
0.46
0.54
0.4
0.525
0.52
0.68
0.34
0.54
0.44
0.48
0.28
0.74
0.54
0.72
0.84
0.66
0.76
0.34
0.68
0.74
0.64
0.36
0.26
0.72
0.12
0.48
0.38
0.84
0.72
0.3
0.68
0.6
0.4
0.58
0.44
0.74
0.45
0.48
0.34
0.62
0.34
0.7
0.66
0.3
0.72
0.64
0.78
0.28
0.56
0.46
0.54
0.5
0.68
0.54
0.68
0.3
0.72
0.66
0.66
0.64
0.66
0.22
0.6
0.42
0.6
0.74
0.3
0.2
0.74
0.38
0.66
0.7
0.38
0.52
0.62
0.34
0.8
0.66
0.58
0.5
0.46
0.66
0.58
0.62
0.56
0.36
