-0.0292358559882 0.00416164973566
0.268435207824 0.0477065978802
-0.0726315789474 0.0118667590028
-0.055530726257 0.00268728816204
-0.100926118626 0.00760028694529
-0.0416666666667 0.00868055555556
0.00804379562044 0.0511491659652
-0.105555555556 0.0242691358025
-0.01375 0.0115734375
-0.0339405204461 0.00882610798635
-0.0107086614173 0.0287829623659
-0.0425714285714 0.00574824489796
-0.101655913978 0.00303231171234
-0.0514285714286 0.00658367346939
0.018 0.0488026666667
-0.105 0.00277236842105
-0.095 2.5e-05
-0.00805194805195 0.00272737392478
-0.025 0.0395138888889
-0.143636363636 0.0338595041322
0.0175 0.08691875
-0.0703846153846 0.0084575443787
-0.0433333333333 0.0324222222222
0.0425 0.05791875
-0.17 0.0216
0.0857142857143 0.0069387755102
-0.055 0.026325
-0.0210526315789 0.052135734072
-0.022 0.005936
-0.0616388888889 0.0133131473765
-0.02 0.0296
-0.118 0.0396693333333
-0.05 0.0025
0.15 0.0025
-0.0558823529412 0.024353633218
-0.0305555555556 0.00445858024691
-0.0760538116592 0.00654765629713
0.231538461538 0.0195668639053
-0.0261538461538 0.0482159763314
-0.0933333333333 0.0307222222222
-0.0792857142857 0.00430663265306
-0.05 0.0225
-0.077037037037 0.00286529492455
-0.0166666666667 0.0113888888889
-0.0865517241379 0.0038225921522
0.1 0.06
-0.0714285714286 0.0620408163265
0.29 0.0081
-0.133333333333 0.00888888888889
-0.0833333333333 0.00722222222222
-0.225 0.196875
0.116666666667 0.157222222222
-0.241111111111 0.0486320987654
-0.08 0.00416666666667
0.0333333333333 0.0688888888889
-0.0555555555556 0.00469135802469
0.0333333333333 0.0263888888889
-0.166666666667 0.00222222222222
-0.01 0.0001
0.0453333333333 0.0351382222222
-0.0597777777778 0.00402883950617
-0.05 0.0025
-0.245 0.060025
0.1 0.0
0.186666666667 0.000355555555556
-0.1 0.00857142857143
-0.1 0.00666666666667
-0.102 0.075616
-0.0666666666667 0.00888888888889
2.77555756156e-17 0.045
-0.2 0.095
-0.08 0.0016
-0.055 0.005325
-0.0666666666667 0.00888888888889
0.433333333333 0.0155555555556
-0.05 0.0075
0.05 0.0225
-0.0833333333333 0.0174888888889
-0.05 0.0025
-0.133333333333 0.0155555555556
-0.1675 0.02666875
-0.133333333333 0.0555555555556
-0.2 0.01
-0.05 0.0225
-0.275 0.046875
0.0625 0.01921875
-0.103333333333 0.0280222222222
0.166666666667 0.00888888888889
0.0766666666667 0.00842222222222
-0.085 0.007225
-0.05 0.0025
0.0333333333333 0.00222222222222
0.01 0.0001
0.25 0.0025
0.0987096774194 0.0429854318418
-0.0752631578947 0.00896528162512
0.169090909091 0.0276355371901
-0.2 0.01
-0.333333333333 0.0288888888889
-0.105384615385 0.0469325443787
0.05 0.0625
-0.07 0.0096
-0.095 0.011025
-0.166666666667 0.0191888888889
-0.0557142857143 0.0231244897959
0.0 0.0
-0.06 0.0224
-0.1 0.01
-0.1 0.0
-0.075 0.036875
0.0272727272727 0.0380258953168
-0.0580357142857 0.0486550701531
-0.0886031746032 0.00157265205341
0.0230769230769 0.0386982248521
0.09625 0.0252109375
0.00411764705882 0.0227653979239
-0.211666666667 0.0212138888889
-0.0172727272727 0.0574016528926
-0.0714285714286 0.00239795918367
-0.0413953488372 0.00331898323418
0.169 0.043849
-0.035 0.016965
0.111176470588 0.0424574394464
-0.018125 0.050552734375
0.05 0.0625
-0.0566666666667 0.0147222222222
-0.168 0.035296
-0.0445454545455 0.00238842975207
-0.0336363636364 0.0867685950413
-0.05 0.1225
-0.0818181818182 0.00148760330579
-0.0675 0.00289375
0.05 0.0158333333333
-0.2 2.56790659252e-34
-0.05 0.0625
