-65.91959
-18.07648
-68.27489
-39.72346
-210.82680
-32.74575
-99.20014
-87.01533
-35.81725
-92.46582
-54.91675
-81.66482
-38.97453
-66.69633
-52.61572
-131.48009
-660.94080
-86.83358
-122.60700
-53.98000
-32.51580
-46.25837
-47.89260
-54.33566
-7.98558
-94.64881
-16.66212
-47.92004
-58.47982
-34.27487
-74.92729
-75.14099
-315.90257
-22.94287
-140.86987
-136.05579
-34.45147
-53.45420
-60.37410
-19.58893
-34.73365
-66.87861
-48.47681
-75.36716
-18.02940
-66.93748
-27.34619
-24.93713
-106.05286
-47.32539
-51.79089
-79.66900
-74.85875
-36.66305
-46.81724
-210.01416
-281.17851
-65.98162
-47.03418
-144.84538
-83.59914
-83.25184
-227.84723
-518.92279
-41.53268
-85.13532
-102.19915
-23.44049
-105.04054
-41.50742
-25.53814
-146.15470
-98.83194
-35.27281
-103.85890
-78.72920
-114.71075
-169.35022
-40.40207
-83.50754
-56.58646
-97.78764
-151.99202
-98.61803
-106.41458
-182.44853
-110.92708
-30.28976
-27.40003
-93.51070
-41.08531
-95.40352
-24.46003
-83.47732
-310.10451
-453.82742
-45.74752
-16.31966
-17.60731
-34.08220
-44.16784
-17.69376
-43.95389
-123.47372
-63.07591
-96.22697
-23.52943
-48.74318
-36.29144
-202.76397
-146.40052
-80.31312
-97.18532
-84.02635
-163.08068
-59.34875
-56.17616
-355.08591
-38.02864
-56.83484
-70.20121
-360.02981
-372.28773
-91.66032
-214.10916
-90.85037
-35.66839
-375.82301
-169.83254
-253.08606
-265.42366
-198.42429
-64.51844
-42.49521
-63.39472
-53.76503
-27.66483
-39.55061
-102.79735
-76.31031
-54.53272
-61.85654
-112.24941
-40.40044
-26.12842
-176.92876
-255.30257
-37.09673
-111.44994
-80.20414
-48.27874
-8.08594
-38.19493
-50.49998
-42.46004
-151.21340
-93.15792
-73.03428
-53.06860
-51.56364
-130.75374
-76.98094
-158.68644
-58.61376
-19.88175
-18.82090
-17.71343
-17.80770
-258.24445
-611.91951
-33.86645
-85.88695
-76.78034
-196.39238
-31.34077
-19.51896
-45.49767
-56.68743
-41.34094
-132.27906
-66.73022
-211.05551
-126.57643
-149.01621
-74.09609
-128.57827
-136.87492
-110.36699
-44.12225
-108.73320
-104.03084
-25.68563
-28.06661
-87.22838
-17.83428
-359.20122
-455.97075
-45.07207
-123.24117
-19.38127
-24.05529
-151.20054
-40.68524
-195.82813
-66.48628
-220.77323
-393.66135
-104.85808
-79.01581
-108.75516
-20.99611
-15.25358
-81.57749
-34.95313
-170.11443
-26.66722
-60.44696
-253.05652
-73.62559
-96.44057
-91.90240
-16.63309
-84.10473
-60.55092
-100.71898
-22.38276
-125.51543
-76.02897
-129.54277
-503.97318
-85.53091
-34.31092
-63.32988
-347.76527
-24.95482
-23.52790
-42.66399
-76.43687
-176.09093
-27.74101
-177.90081
-36.52146
-133.55204
-86.05722
-26.65777
-95.99914
-157.48926
-211.19208
-32.60465
-79.59035
-131.38799
-63.16993
-34.61927
-66.46579
-59.06964
-46.05160
-113.94211
-90.85030
-8.85752
-68.96091
-86.69423
-81.35894
-20.23120
-24.95248
-363.77455
-25.70364
-16.23736
-58.45373
-9.47393
-16.77593
-40.61517
-23.82513
-9.46448
-159.09257
-181.00911
-68.26121
-34.47056
-33.67346
-38.46584
-71.13517
-240.37134
-43.01546
-37.40673
-119.47059
-210.64432
-54.54347
-29.98544
-109.47455
-88.96378
-68.07007
-23.70097
-111.16353
-76.93085
-6.55486
-80.20033
-14.97312
-26.49891
-52.60712
-81.18166
-26.59663
-60.18028
-137.05100
-100.68014
-58.68470
-82.10787
-137.22347
-189.54018
-430.11853
-37.14762
-125.88445
-38.97841
-17.48310
-43.00402
-103.46411
-32.79819
-23.65349
-149.32382
-26.89212
-104.06202
-32.60771
-38.12684
-94.37550
-430.94506
-45.35209
-70.87473
-154.93115
-85.90935
-25.63823
-217.51409
-31.19760
-120.32277
-66.99567
-61.21762
-158.11585
-45.94104
-97.50595
-52.00799
-122.49778
-173.17632
-18.93432
-471.61059
-115.24502
-212.23317
-43.74050
-70.33648
-65.83402
-30.39470
-36.44881
-41.45749
-35.67006
-184.81387
-234.27574
-110.09001
-16.25454
-499.56177
-97.76078
-56.60097
-61.51667
-19.14302
-100.50613
-279.04248
-51.69070
-85.53557
-19.57756
-144.00588
-138.84373
-40.52900
-32.86649
-199.67734
-123.82053
-349.48857
-430.11084
-107.59551
-31.07873
-327.48314
-16.69664
-99.43867
-33.39535
-26.75518
-66.84963
-38.68565
-58.48429
-33.07610
-143.17838
-34.82345
-144.82699
-819.09673
-93.73366
-152.46024
-87.54266
-151.97765
-19.24719
-30.68866
-16.98030
-56.92574
-70.36375
-91.48411
-44.71340
-156.66852
-84.57177
-131.93718
-77.86904
-221.62157
-51.03893
-46.06112
-10.66344
-66.67403
-123.59015
-30.23533
-33.61050
-58.14209
-108.46217
-94.03962
-115.86578
-228.91804
-50.39263
-61.05451
-126.25920
-174.64955
-24.34284
-76.44840
-113.50481
-34.23538
-46.16131
-107.27518
-84.99097
-235.26551
-83.42268
-52.53368
-9.89542
-98.02407
-60.48117
-172.43398
-93.87352
-43.00163
-135.56248
-191.80076
-57.40446
-92.70699
-53.73376
-17.53309
-94.68321
-41.38520
-34.20983
-27.40813
-27.77584
-109.99228
-56.26131
-47.28321
-8.25104
-34.74522
-43.19128
-27.24604
-106.10046
-25.99897
-77.88705
-154.23018
-59.66621
-28.00212
-79.16676
-87.10180
-42.10606
-55.39343
-44.20614
-38.85243
-61.19178
-56.48702
-120.09119
-209.36318
-121.12191
-119.80114
-23.46383
-55.82089
-99.53954
-8.18230
-26.76806
-51.83941
-140.05502
-130.62004
-62.69193
-596.25511
-460.23134
-148.69288
-52.04052
-113.23615
-81.49262
-56.09725
-65.96141
-19.82089
-15.78267
-201.07002
-18.92196
-45.53699
-77.65262
-144.45769
-50.96933
-25.86497
-77.74918
-135.64257
-33.48962
-61.46525
-160.69824
-74.00196
-15.76295
-33.99460
-131.69832
-24.04204
-40.82852
-77.23368
-116.12146
-47.70734
-112.71550
-83.11488
-194.27694
-99.00232
-38.96443
-82.73593
-35.10010
-125.59576
-56.36266
-142.34253
-89.37306
-96.15668
-97.46766
-102.27628
-78.36287
-52.69204
-56.71839
-67.99854
-55.63030
-269.43674
-101.59635
-56.34821
-142.00337
-50.10660
-50.52285
-10.22636
-64.70598
-148.06775
-92.53226
-91.30610
-28.14988
-45.39982
-51.66475
-54.16675
-85.99908
-118.75700
-25.76602
-86.77717
-556.82467
-455.63145
-55.11955
-54.35845
-236.85236
-130.56154
-34.66427
-27.88397
-224.82863
-558.97157
-184.09995
-91.89909
-254.38272
-61.88171
-160.79581
-214.46226
-47.63715
-77.57788
-81.13717
-92.70571
-28.69938
-91.29353
-96.21708
-103.91876
-90.39188
-32.00389
-62.83780
-98.64239
-173.13569
-48.73097
-25.00090
-68.98884
-67.33850
-46.48243
-51.33337
-203.51475
-16.84624
-91.91424
-309.37642
-48.86365
-52.02126
-21.21813
-49.79726
-78.62722
-43.51372
-77.71751
-139.00988
-103.66592
-134.56518
-34.75963
-63.66091
-60.28704
-36.59636
-128.11070
-71.01456
-48.36244
-66.19803
-59.33569
-121.68306
-26.44211
-75.12081
-171.64878
-184.23427
-34.43442
-34.37334
-76.47917
-144.06363
-46.61246
-83.22751
-16.69304
-62.30300
-95.56528
-428.19688
-19.05576
-63.40737
-109.77490
-16.61211
-9.59352
-85.28180
-14.96263
-46.09407
-34.94361
-67.11250
-48.39597
-77.63654
-80.92202
-44.91660
-75.31368
-35.30326
-16.53296
-66.56457
-24.23272
-258.86406
-24.75507
-87.51140
-98.21924
-185.55432
-151.66312
-210.39934
-52.04503
-239.30565
-210.82149
-67.34851
-16.81941
-263.59865
-81.69968
-17.25672
-71.64809
-45.59417
-54.92744
-23.83206
-77.74309
-77.17164
-50.46505
-114.71970
-52.29180
-45.90773
-89.32124
-49.55689
-8.62442
-792.49650
-97.93900
-114.39832
-111.56910
-357.00231
-57.97386
-55.71510
-134.03286
-44.75272
-73.92371
-30.18451
-45.06807
-50.60621
-128.82656
-55.09855
-55.28476
-44.89335
-25.03227
-46.77751
-27.73544
-49.22867
-59.92023
-139.04396
-72.74448
-68.02905
-77.91369
-179.94382
-83.01346
-119.98539
-16.40112
-52.30156
-102.80316
-67.20691
-31.42427
-56.16159
-42.87460
-128.12948
-42.19092
-44.18869
-35.05121
-105.18741
-34.73954
-98.95203
-90.55171
-112.20601
-45.29854
-73.27477
-84.86726
-60.21444
-82.83044
-69.07859
-158.17677
-86.02114
-103.59949
-42.46399
-27.32502
-79.25154
-66.72583
-64.46433
-44.68186
-84.38940
-37.41396
-63.25618
-36.11428
-296.71806
-53.00171
-17.13366
-55.67198
-192.42149
-7.31878
-26.39225
-26.51912
-115.41486
-46.25475
-24.29852
-206.11303
-23.79004
-471.61355
-18.35142
-35.10529
-48.99358
-20.13840
-35.00167
-26.05646
-150.70075
-186.94834
-58.20621
-367.89793
-8.03307
-23.32149
-59.77400
-25.81527
-8.52128
-142.98289
-213.51548
-78.71930
-75.04642
-136.26268
-9.36001
-157.50372
-40.80912
-46.80148
-52.53266
-146.25585
-58.12279
-225.60101
-69.94160
-60.76541
-63.02774
-57.02086
-35.47882
-80.36030
-97.83860
-132.23535
-75.29338
-18.44317
-36.58192
-60.14162
-43.17303
-42.52149
-55.70980
-88.18143
-41.04276
-123.35291
-102.03958
-85.48874
-165.80359
-9.21288
-33.87534
-171.50495
-64.50621
-17.76345
-50.31047
-47.22087
-140.61600
-30.40364
-46.46267
-70.67232
-84.33783
-111.00021
-104.73649
-48.42657
-93.24705
-274.19676
-25.14013
-96.54678
-56.05692
-51.04736
-27.40450
-73.44666
-205.54275
-139.43337
-45.13415
-54.63424
-132.38810
-57.31351
-130.34521
-16.45386
-130.56922
-128.00699
-42.32003
-54.59720
-52.71098
-65.37727
-87.92837
-73.60760
-67.37517
-80.79387
-81.61892
-68.63200
-68.10502
-36.09464
-34.08650
-151.65960
-109.62156
-210.76155
-23.37580
-115.41585
-9.11055
-66.66148
-48.96570
-73.08639
-36.92431
-36.97058
-104.03352
-40.80997
-118.95529
-18.45425
-31.54996
-116.33847
-87.92833
-16.66212
-117.68052
-84.20865
-383.72700
-24.40663
-99.40680
-17.18068
-43.59181
-33.64196
-39.97940
-43.82313
-57.07420
-86.65697
-92.35289
-571.21970
-239.53846
-525.61662
-75.99575
-573.04792
-144.69828
-26.78868
-723.74189
-68.61966
-26.34499
-17.47148
-22.45022
-470.28858
-92.67480
-34.43804
-116.88005
-109.86837
-669.83628
-34.41494
-95.05615
-29.33112
-36.24994
-254.41516
-69.57060
-123.18107
-202.59438
-63.23045
-168.87578
-140.77579
-86.64399
-24.63141
-43.58435
-107.92667
-96.18266
-67.71604
-35.66941
-43.79790
-87.99546
-297.49097
-120.76280
-49.45097
-25.96007
-143.71930
-91.43628
-40.13842
-45.84411
-73.00801
-83.37729
-47.52137
-28.04291
-59.61743
-158.47160
-40.14550
-55.32703
-16.64781
-65.32060
-24.64707
-66.67802
-35.60744
-121.41621
-110.48719
-79.67257
-9.83656
-144.84021
-156.45627
-60.63598
-173.93569
-55.65284
-43.45499
-32.07631
-33.85947
-54.99073
-112.02260
-50.29631
-49.38462
-49.34895
-34.84719
-10.13395
-95.71649
-90.67492
-76.96835
-10.13976
-111.30227
-39.70150
-15.65915
-50.87090
-275.84387
-57.37997
-106.22581
-26.31394
-109.27748
-51.36301
-16.05325
-95.89969
-33.41260
-75.69621
-45.36811
-39.48075
-126.11629
-75.10465
-37.71406
-107.78912
-70.50433
-55.02854
-35.30466
-102.81231
-79.83168
-87.02848
-73.54181
-10.00870
-59.59239
-38.20534
-64.44098
-45.18341
-48.88403
-92.20772
-101.18166
-673.82262
-60.72955
-39.20820
-357.55582
-256.69469
-104.14244
-73.29188
-78.60054
-478.37731
-102.42156
-66.61886
-125.97281
-637.72935
-423.14957
-42.56254
-15.87639
-83.05957
-483.32903
-77.73919
-98.10492
-38.73359
-109.77711
-87.09567
-20.02353
-162.12257
-90.68409
-228.31963
-100.46707
-36.39969
-44.19586
-489.34953
-60.89266
-94.73789
-33.01657
-23.91888
-33.58730
-9.72842
-90.01972
-148.67485
-109.18985
-77.75648
-77.10238
-10.27922
-83.41773
-19.50479
-142.81141
-179.36875
-141.15701
-48.74736
-25.46454
-78.83623
-87.79930
-66.80028
-183.50652
-75.74358
-121.80079
-61.69704
-138.49183
-62.27819
-41.76403
-75.41116
-40.24623
-72.73882
-37.96690
-14.29735
-61.15714
-61.30706
-100.07773
-110.42958
-242.23303
-211.01552
-118.81023
-65.66258
-62.45478
-25.30306
-33.01198
-48.43938
-157.01173
-16.94761
-8.90497
-36.08747
-48.48035
-38.12566
-67.56064
-46.08269
-74.77299
-108.66876
-183.00526
-69.86378
-40.55063
-129.74087
-49.03239
-208.60053
-188.96543
-37.77073
-116.77171
-81.88997
-81.07793
-55.51033
-103.24732
-90.11446
-71.29914
-33.57238
-49.30111
-62.77061
-110.87127
-90.57291
-43.72721
-120.00661
-133.99340
-51.23407
-85.15768
-71.35672
-70.29237
-28.07325
-33.13394
-108.52807
-110.81462
-48.61534
-29.29110
-97.06803
-24.45223
-40.92062
-25.83972
-56.38685
-44.40764
-47.66500
-35.32695
-42.52597
-27.01583
-49.01859
-26.82486
-129.41603
-75.42593
-120.49099
-122.96037
-66.02042
-160.22535
-49.67979
-148.04292
-138.33975
-197.71055
-37.06704
-89.36428
-8.17285
-58.88438
-44.87781
-79.88365
-93.74966
-30.88127
-26.23861
-24.03174
-167.37371
-93.36154
-91.92881
-428.33173
-290.90918
-84.57951
-57.66527
-42.80606
-217.40495
-39.51786
-31.61884
-81.49339
-78.16730
-20.13757
-31.76963
-99.57646
-27.83372
-355.97711
-29.03666
-8.87120
-8.93327
-82.29466
-151.64759
-44.24166
-115.14406
-26.35988
-162.81902
-131.70490
-31.10490
-88.55027
-51.29801
-27.19697
-42.17085
-45.99239
-173.21831
-27.33880
-69.49070
-86.82811
-151.08614
-43.01925
-41.44202
-67.90430
-99.77787
-66.91270
-141.02633
-60.83278
-29.69398
-38.58892
-281.95903
-177.20304
-106.34820
-117.50153
-84.29468
-153.31571
-67.65280
-31.03037
-20.33683
-104.15998
-63.44311
-66.44881
-90.69493
-27.24804
-79.98830
-629.79296
-138.43178
-123.93869
-30.23801
-407.26336
-337.78551
-49.35681
-93.44899
-234.63734
-307.73371
-50.57851
-59.59773
-107.53784
-45.16513
-40.26443
-8.60060
-105.63022
-34.60180
-135.86490
-64.71497
-18.12324
-63.65019
-236.58014
-65.62912
-35.08372
-66.31828
-23.46745
-41.07889
-75.59012
-32.42149
-31.77885
-117.72214
-72.89988
-34.19299
-109.65071
-82.35992
-62.69776
-16.89845
-65.18776
-10.35901
-37.90191
-170.31313
-158.91232
-87.76688
-103.72064
-35.71984
-41.30889
-49.44127
-35.68904
-77.64643
-327.29287
-112.50029
-87.23476
-86.13915
-17.71374
-124.16225
-8.87120
-86.54964
-93.79560
-34.37176
-40.58791
-32.78435
-35.39116
-20.96748
-123.69794
-66.50981
-75.70051
-85.23891
-98.08046
-52.94166
-49.53913
-41.74527
-75.08598
-52.57965
-18.77033
-109.41655
-72.12674
-139.03254
-157.53615
-62.05731
-43.87274
-98.08136
-10.44404
-33.79765
-24.65472
-16.71335
-42.77141
-34.64898
-459.57075
-50.11854
-9.48711
-26.80227
-52.79389
-79.77127
-66.22044
-58.10640
-114.94884
-286.33002
-69.18195
-66.94059
-150.69013
-75.50454
-46.67220
-23.02609
-20.41006
-23.47236
-90.55906
-62.40049
-81.13267
-83.81354
-17.59607
-22.89327
-72.73596
-68.85103
-61.91463
-125.76304
-29.54662
-33.78091
-32.05055
-10.55097
-36.65667
-70.49928
-95.45122
-33.24756
-28.06978
-101.07711
-53.13913
-54.60197
-198.27851
-24.27955
-65.38117
-67.11379
-70.26814
-74.40687
-29.09284
-143.79382
-101.60261
-42.90870
-16.56962
-26.26105
-31.05068
-57.13243
-96.27469
-24.49562
-67.28461
-55.48017
-54.54844
-116.46139
-85.41348
-47.95234
-86.67322
-109.83822
-18.85852
-132.57374
-92.80921
-64.98433
-8.77701
-45.70503
-25.08660
-46.92318
-40.38970
-26.31790
-32.30904
-32.10987
-56.99965
-36.08744
-45.45954
-88.48011
-19.04177
-62.26842
-139.71267
-35.93529
-91.51579
-52.37016
-247.30362
-66.07506
-16.81677
-207.94285
-146.77994
-105.84378
-76.69799
-115.06371
-105.15010
-50.78493
-81.46484
-29.35864
-37.03681
-95.65482
-93.90012
-118.10053
-46.70829
-9.76853
-57.29281
-257.02371
-57.75446
-43.79090
-32.51773
-29.39501
-181.08956
-98.41580
-164.62190
-148.91284
-134.42991
-40.58597
-69.05385
-71.52517
-37.58175
-25.82399
-52.15224
-25.68389
-52.24389
-79.04648
-215.94280
-7.70144
-24.11419
-73.06401
-133.48042
-93.28940
-63.13889
-82.46672
-192.44424
-55.14036
-58.10343
-96.99764
-27.48755
-167.08462
-273.92086
-33.19884
-53.98289
-57.42316
-89.04703
-52.80078
-60.75585
-48.54006
-229.12820
-43.48606
-62.08318
-43.65113
-161.35781
-66.89892
-55.66476
-80.57501
-24.56036
-32.59977
-144.60072
-270.33348
-93.99861
-109.68865
-167.88624
-53.03215
-47.02622
-30.94637
-103.70294
-39.98174
-7.13506
-39.45917
-54.08706
-81.61237
-79.15248
-31.83865
-101.85846
-69.78152
-68.27397
-72.06159
-82.58099
-73.00194
-69.26303
-95.53859
-48.48911
-92.25875
-58.21822
-42.61734
-54.69511
-42.22596
-32.70322
-27.07573
-35.77436
-10.04115
-29.94449
-93.08909
-89.26520
-106.64614
-56.57221
-27.61144
-61.13087
-107.03751
-100.26680
-25.01075
-118.47105
-44.84623
-32.53907
-15.95006
-85.75404
-9.53589
-99.74357
-142.01979
-9.86021
-9.86023
-81.33450
-44.52742
-62.12216
-28.95867
-9.10524
-40.40605
-8.45655
-324.37139
-83.22287
-19.05031
-460.09456
-51.84476
-25.65767
-116.96791
-193.38077
-47.83116
-140.27990
-521.38583
-56.65776
-231.18553
-43.89213
-365.88296
-88.22735
-26.52857
-9.43278
-127.14970
-130.98244
-98.10107
-359.57024
-67.33935
-156.45988
-41.57592
-25.93125
-55.68310
-48.33493
-260.21844
-112.14133
-62.67659
