MAE: 0.9314593681
RMSE: 1.1053740640
RAE: 0.8504908941
RRSE: 0.8176621919
predictive R^2: 0.3314285399
perword likelihood1: -8.0833823111
perword likelihood2: -8.2722145854
4.1664895151	5.0000000000
4.0461160147	5.0000000000
4.2659354979	5.0000000000
3.4386655752	3.0000000000
2.6884163906	1.0000000000
4.1348454905	5.0000000000
4.1556613152	5.0000000000
2.8569586778	1.0000000000
3.3208273298	4.0000000000
4.0743229451	5.0000000000
4.0370342728	5.0000000000
4.1616353016	5.0000000000
4.2695577554	2.0000000000
2.9397415659	1.0000000000
4.1976977755	5.0000000000
4.0521797019	5.0000000000
3.3025611162	4.0000000000
3.8966474960	4.0000000000
2.9148139928	5.0000000000
3.7555368848	5.0000000000
4.2458659738	5.0000000000
4.2527074461	2.0000000000
2.4454789759	2.0000000000
3.7163764779	5.0000000000
3.3617279228	5.0000000000
3.8244300263	4.0000000000
4.2695479199	4.0000000000
4.2381964244	4.0000000000
4.2695659258	5.0000000000
4.2695570150	5.0000000000
3.1436591053	4.0000000000
4.0540306098	4.0000000000
3.3557670253	5.0000000000
4.2501692081	5.0000000000
3.7845638841	5.0000000000
3.2261945665	3.0000000000
2.4454741082	3.0000000000
4.2695338148	5.0000000000
4.1773616561	5.0000000000
2.9746263599	2.0000000000
4.2343682499	2.0000000000
4.2651151803	5.0000000000
3.3459033828	5.0000000000
3.8608577524	5.0000000000
2.4455381284	1.0000000000
4.2632571203	4.0000000000
3.9750338140	5.0000000000
4.2695218150	5.0000000000
3.1821510764	4.0000000000
4.2656173491	4.0000000000
4.1954868812	5.0000000000
4.1552524711	5.0000000000
4.2665479416	5.0000000000
3.2876229517	4.0000000000
4.2656160980	4.0000000000
4.0044953062	5.0000000000
4.0635891072	5.0000000000
4.2655089312	5.0000000000
2.8792071383	3.0000000000
3.2838586742	3.0000000000
3.9659705383	5.0000000000
4.2642405607	5.0000000000
3.9980123104	3.0000000000
3.2273162154	3.0000000000
4.1507732012	5.0000000000
4.2646944906	5.0000000000
3.6720265640	5.0000000000
4.2695520459	2.0000000000
2.9711115756	2.0000000000
4.2695723266	5.0000000000
4.2695655357	5.0000000000
2.7210639204	2.0000000000
2.9286008506	2.0000000000
4.2207687006	5.0000000000
4.0555361180	5.0000000000
4.1712493351	5.0000000000
2.4454674054	1.0000000000
2.6678227341	1.0000000000
4.1587535516	5.0000000000
4.2507687436	5.0000000000
4.2695684101	5.0000000000
4.1766080985	4.0000000000
2.7481691301	4.0000000000
4.2226632587	5.0000000000
4.1780751182	5.0000000000
3.1618741924	4.0000000000
4.2641428348	4.0000000000
4.2695695778	5.0000000000
4.1876458535	5.0000000000
4.2317340533	5.0000000000
3.8524843010	4.0000000000
4.2459438041	4.0000000000
4.2458867454	5.0000000000
3.2447306749	5.0000000000
3.1901054565	4.0000000000
3.2987768418	4.0000000000
4.2414612417	5.0000000000
4.2339865510	5.0000000000
3.8099089616	5.0000000000
4.2302869733	4.0000000000
3.6892808100	4.0000000000
4.0537111600	5.0000000000
4.2207871022	5.0000000000
4.2065365009	5.0000000000
2.7467451449	4.0000000000
3.4986704497	3.0000000000
4.2695681982	5.0000000000
4.2652238955	5.0000000000
3.2651288620	3.0000000000
2.7729588290	3.0000000000
4.1437511896	5.0000000000
2.7528898031	5.0000000000
3.5309075892	5.0000000000
2.9358840354	3.0000000000
3.5317548274	3.0000000000
4.2695492474	5.0000000000
4.2695592477	5.0000000000
3.6606446739	3.0000000000
2.8644414833	3.0000000000
4.2661746148	5.0000000000
2.6873118391	5.0000000000
4.2158384641	5.0000000000
3.2470587497	2.0000000000
3.1357776658	2.0000000000
3.8323667945	5.0000000000
3.9458726892	5.0000000000
2.4455528577	2.0000000000
2.8779884441	2.0000000000
2.4454732066	2.0000000000
3.9275618905	5.0000000000
3.9902450080	5.0000000000
2.4454690750	2.0000000000
2.4454755413	1.0000000000
4.2567927176	5.0000000000
4.2663586068	5.0000000000
4.2695691413	5.0000000000
2.4455406186	1.0000000000
2.4454726260	1.0000000000
3.8331010011	5.0000000000
4.2671339979	5.0000000000
2.4455544311	1.0000000000
3.0459232329	1.0000000000
3.9754614873	5.0000000000
4.1537040474	5.0000000000
3.5116660767	5.0000000000
3.8446938118	1.0000000000
3.1377623273	4.0000000000
4.0691266083	5.0000000000
3.5189766133	5.0000000000
3.2702542244	4.0000000000
4.0835804872	4.0000000000
4.2694953393	5.0000000000
4.2695674636	5.0000000000
3.7513705427	5.0000000000
4.2525465245	4.0000000000
4.1835112590	4.0000000000
4.2641585124	5.0000000000
4.2695715200	5.0000000000
4.2695721666	5.0000000000
4.2323219459	4.0000000000
4.2165800222	4.0000000000
4.1485047833	5.0000000000
3.7727302811	5.0000000000
3.1087974799	4.0000000000
4.0580836690	4.0000000000
4.2695267622	5.0000000000
4.2695158522	5.0000000000
4.2695453434	5.0000000000
2.9844567992	4.0000000000
3.2063182864	4.0000000000
4.2520705978	5.0000000000
3.6960083431	5.0000000000
4.2695637954	4.0000000000
3.5755339885	4.0000000000
4.2695609899	5.0000000000
4.2695375406	5.0000000000
4.1958753807	5.0000000000
2.7512871447	4.0000000000
4.2331379239	4.0000000000
4.2634142556	5.0000000000
4.2695561543	5.0000000000
3.3230414131	5.0000000000
3.8895427020	4.0000000000
3.2370531068	4.0000000000
2.6744869510	5.0000000000
4.1477964590	5.0000000000
3.5507579798	4.0000000000
3.7823548177	4.0000000000
3.9751057946	5.0000000000
3.9423253503	5.0000000000
3.6421734420	5.0000000000
4.2695257811	3.0000000000
3.6378763430	3.0000000000
4.1503988811	5.0000000000
4.2695584081	5.0000000000
3.2519959864	3.0000000000
2.9103169962	3.0000000000
3.8355196110	5.0000000000
3.9884620311	5.0000000000
3.8037631402	5.0000000000
4.2458886273	3.0000000000
3.4423422347	3.0000000000
4.2607191017	5.0000000000
4.2173366428	5.0000000000
4.1243439276	5.0000000000
3.5605237484	3.0000000000
2.9244742951	3.0000000000
4.2541740959	5.0000000000
4.0907553536	5.0000000000
2.8563550036	3.0000000000
2.4456626818	3.0000000000
3.8644168625	5.0000000000
4.2441857443	5.0000000000
2.9414457246	5.0000000000
2.9301175607	3.0000000000
2.4455016478	3.0000000000
4.1794545642	5.0000000000
3.8754077735	5.0000000000
2.8913672815	2.0000000000
2.5164277623	2.0000000000
4.1637727936	5.0000000000
4.2695051960	5.0000000000
4.2695714301	5.0000000000
2.6166604604	2.0000000000
2.4454754840	2.0000000000
3.9396989898	5.0000000000
3.9758448662	5.0000000000
3.6242642266	2.0000000000
3.4085402473	2.0000000000
3.3298714479	2.0000000000
4.2523714699	5.0000000000
4.2609890752	5.0000000000
3.6680465768	2.0000000000
2.8592567610	2.0000000000
4.2355594713	5.0000000000
4.2695534709	5.0000000000
3.7672529885	5.0000000000
2.5577229809	1.0000000000
3.2266211505	1.0000000000
2.8977975334	5.0000000000
4.1980037212	5.0000000000
2.4455438276	1.0000000000
2.9558791620	1.0000000000
3.6530565375	5.0000000000
3.9417822860	5.0000000000
4.2569241052	5.0000000000
2.5670649055	1.0000000000
2.5838660146	1.0000000000
4.2695485815	5.0000000000
2.8737144564	5.0000000000
2.5621428471	1.0000000000
2.9424040963	1.0000000000
4.0747182891	5.0000000000
2.5522167867	5.0000000000
3.8960113356	5.0000000000
3.7211811694	1.0000000000
2.6033632927	1.0000000000
4.2695720457	5.0000000000
3.4845179090	5.0000000000
4.2665386890	5.0000000000
2.4454712668	1.0000000000
2.6352902711	1.0000000000
4.0860290416	5.0000000000
4.2695530933	5.0000000000
3.3245172127	4.0000000000
4.0735474316	4.0000000000
4.2695500600	5.0000000000
4.0646861894	5.0000000000
3.6437582480	5.0000000000
4.2694943995	4.0000000000
2.8863269082	4.0000000000
4.1212143232	5.0000000000
4.2458457693	5.0000000000
3.9352665904	4.0000000000
3.4050115584	4.0000000000
4.2537167472	5.0000000000
4.1120687980	5.0000000000
2.9930745452	5.0000000000
3.4375152862	4.0000000000
4.2627709480	4.0000000000
3.6925837455	5.0000000000
3.9223372134	5.0000000000
3.1469262829	5.0000000000
4.1267660397	4.0000000000
3.3050780480	4.0000000000
4.2695624792	5.0000000000
3.5204482249	5.0000000000
3.4823499382	4.0000000000
4.2441899966	4.0000000000
3.6267258839	5.0000000000
4.2695525279	5.0000000000
4.1035610845	5.0000000000
4.1914238827	4.0000000000
4.2458841732	4.0000000000
4.2560912202	5.0000000000
4.2695619989	5.0000000000
4.2606571442	4.0000000000
4.2695734151	4.0000000000
3.7668687032	5.0000000000
4.2695602675	5.0000000000
4.2566898162	5.0000000000
3.9439225962	4.0000000000
4.2638245575	4.0000000000
4.2638068792	5.0000000000
4.1493892788	5.0000000000
4.1532921558	5.0000000000
2.8068790930	4.0000000000
3.3526169438	4.0000000000
3.1638495057	5.0000000000
4.2651077124	5.0000000000
4.2695701700	4.0000000000
4.2695452303	4.0000000000
4.2645445887	5.0000000000
4.2641845321	5.0000000000
4.1090331083	5.0000000000
3.7246289919	4.0000000000
2.8745140801	4.0000000000
4.2443132173	5.0000000000
3.8624633333	5.0000000000
3.4210864227	4.0000000000
3.8881240912	4.0000000000
4.1422224361	5.0000000000
3.4265709315	5.0000000000
3.4759530905	5.0000000000
4.2366400678	4.0000000000
3.3624599401	4.0000000000
3.8622207755	5.0000000000
2.7090430718	5.0000000000
3.7971433164	4.0000000000
4.2602599389	4.0000000000
2.6623354523	4.0000000000
3.8689289741	5.0000000000
4.2695601676	5.0000000000
3.6301607315	4.0000000000
4.2404989593	4.0000000000
3.6032611672	5.0000000000
4.2108472265	5.0000000000
3.7544406572	5.0000000000
2.6389484922	4.0000000000
3.7039279839	4.0000000000
3.0963186987	5.0000000000
4.1168122652	5.0000000000
2.6287209769	3.0000000000
3.0098135833	3.0000000000
3.9452893114	5.0000000000
4.2495040514	5.0000000000
4.2695589389	5.0000000000
3.6064570049	3.0000000000
3.2224522410	3.0000000000
4.0953499151	5.0000000000
3.4620400065	5.0000000000
3.5341995674	3.0000000000
2.8928181836	3.0000000000
4.2458767424	5.0000000000
3.2624997152	5.0000000000
4.1746168673	5.0000000000
2.4454956256	3.0000000000
3.2530261577	3.0000000000
4.2695682389	5.0000000000
4.2569426945	5.0000000000
2.9431443093	5.0000000000
4.2695703951	3.0000000000
3.1550935659	3.0000000000
4.1459932927	5.0000000000
3.6845188750	5.0000000000
2.9546286284	3.0000000000
2.4454833826	3.0000000000
4.2695727738	5.0000000000
2.6853098300	5.0000000000
4.2661299871	5.0000000000
3.3388736461	3.0000000000
2.9343002146	3.0000000000
4.1683992315	5.0000000000
3.8345734610	5.0000000000
2.9563531871	3.0000000000
3.2982230852	3.0000000000
4.2654275428	5.0000000000
4.2695685759	5.0000000000
2.4456275700	5.0000000000
4.2623840439	3.0000000000
3.4985448511	3.0000000000
3.7078548764	5.0000000000
3.8548522460	5.0000000000
2.9962838640	5.0000000000
3.1725217692	3.0000000000
2.8330294500	3.0000000000
3.6182375504	5.0000000000
4.1822036007	5.0000000000
2.5227864932	3.0000000000
2.4454794082	2.0000000000
3.4400173582	5.0000000000
4.2695645890	5.0000000000
4.2221378336	5.0000000000
3.9682688389	2.0000000000
3.1424948082	2.0000000000
4.2208810707	5.0000000000
4.2247296474	5.0000000000
2.7427049681	2.0000000000
2.5921985421	2.0000000000
3.4715920699	5.0000000000
4.1906693613	5.0000000000
3.9696072694	5.0000000000
2.8508880958	2.0000000000
3.9712018371	2.0000000000
4.2613993990	5.0000000000
2.4455243336	5.0000000000
3.3757881350	5.0000000000
3.2361497293	2.0000000000
2.8801088427	2.0000000000
4.2695548452	5.0000000000
3.2083344272	5.0000000000
2.8655079577	2.0000000000
3.7202250732	2.0000000000
4.2666911934	5.0000000000
3.0468299981	5.0000000000
4.2530787427	5.0000000000
3.3823886410	2.0000000000
2.4454789588	2.0000000000
4.2420791366	5.0000000000
3.7291262445	5.0000000000
3.1625223707	2.0000000000
2.5121593155	2.0000000000
4.2695602598	5.0000000000
4.0948312032	5.0000000000
3.1564307072	5.0000000000
2.5605045581	2.0000000000
2.5882786762	2.0000000000
2.8135601834	5.0000000000
4.2557029577	5.0000000000
4.2183554155	1.0000000000
3.1785143962	1.0000000000
2.9473937082	1.0000000000
4.1866737129	5.0000000000
2.9259526722	5.0000000000
2.4455009896	1.0000000000
2.4992174810	1.0000000000
4.2647680222	5.0000000000
4.2661792404	5.0000000000
4.2572129667	5.0000000000
3.6635404476	1.0000000000
2.4454662676	1.0000000000
4.2491297452	5.0000000000
4.2648137805	5.0000000000
2.4454795172	1.0000000000
3.8737100706	1.0000000000
4.2492977006	5.0000000000
4.0035513107	5.0000000000
4.2695402862	5.0000000000
2.4454726200	1.0000000000
3.9024888100	1.0000000000
3.9815225434	5.0000000000
4.0617528463	5.0000000000
2.4454743285	1.0000000000
2.6176494792	1.0000000000
4.2695285882	5.0000000000
4.2695569360	5.0000000000
3.4349775701	5.0000000000
2.4454998222	1.0000000000
2.4455036106	1.0000000000
4.2584679938	5.0000000000
4.2695675597	5.0000000000
4.1833300552	5.0000000000
2.4454822298	1.0000000000
2.4455010856	1.0000000000
4.2593021525	5.0000000000
4.2652302808	5.0000000000
3.0590660412	1.0000000000
2.6108345181	1.0000000000
4.2031691091	5.0000000000
3.4020096129	5.0000000000
3.0290696588	5.0000000000
2.4455441555	1.0000000000
2.4454840861	1.0000000000
3.9313966514	5.0000000000
3.4845188045	5.0000000000
4.2695675393	4.0000000000
3.2377507943	4.0000000000
4.2188228237	5.0000000000
4.1991782488	5.0000000000
4.2666093152	5.0000000000
3.3292789935	4.0000000000
3.2239525400	4.0000000000
3.3882713448	5.0000000000
4.2383725393	5.0000000000
4.0761375872	5.0000000000
2.6099665324	4.0000000000
3.3791675757	4.0000000000
2.9439093482	5.0000000000
4.0556925491	5.0000000000
3.7647936288	4.0000000000
3.4228724085	4.0000000000
3.2827339263	5.0000000000
4.2695369671	5.0000000000
3.9329758866	5.0000000000
3.5734335392	4.0000000000
4.2695484671	4.0000000000
4.2695203239	5.0000000000
4.2667480834	5.0000000000
3.6829659417	4.0000000000
4.1466480310	4.0000000000
4.0558462348	5.0000000000
4.0533556951	5.0000000000
4.2431693748	5.0000000000
2.9650765834	4.0000000000
3.7881514568	4.0000000000
3.8147772165	5.0000000000
4.1792885574	5.0000000000
4.2572206158	5.0000000000
4.0833912926	4.0000000000
4.1983322088	4.0000000000
4.2649133759	5.0000000000
3.8496270733	5.0000000000
4.1665591423	4.0000000000
3.9862291237	4.0000000000
4.1369898323	5.0000000000
4.2695676997	5.0000000000
4.2529752810	5.0000000000
4.2695445441	4.0000000000
2.7709721822	4.0000000000
4.2549642251	5.0000000000
3.6465994997	5.0000000000
4.1849733167	4.0000000000
3.3988147850	4.0000000000
4.2561522927	5.0000000000
4.2611206819	5.0000000000
4.1313915694	5.0000000000
2.7658925300	4.0000000000
4.1664770635	4.0000000000
4.2695683410	5.0000000000
3.8082375112	5.0000000000
3.6306504937	4.0000000000
3.6639121508	4.0000000000
3.3310520181	5.0000000000
3.7108567884	5.0000000000
4.1172026773	5.0000000000
3.9707040196	4.0000000000
4.0460619201	4.0000000000
3.7406319239	5.0000000000
4.2449112649	5.0000000000
3.6413018017	5.0000000000
4.0689906097	4.0000000000
4.2335877534	4.0000000000
2.4455245974	5.0000000000
4.2695680926	5.0000000000
4.2535531264	4.0000000000
2.8581520982	4.0000000000
4.1757156211	5.0000000000
4.2695666596	5.0000000000
4.1977267032	5.0000000000
3.3509656504	4.0000000000
2.9839554381	4.0000000000
4.2191968464	5.0000000000
4.2695645769	5.0000000000
2.6939438524	4.0000000000
4.0166645347	4.0000000000
3.9804967513	5.0000000000
4.2616507703	5.0000000000
2.8190060728	5.0000000000
3.2842403016	4.0000000000
2.7264710686	4.0000000000
4.1953741434	5.0000000000
3.7840007966	5.0000000000
4.2262202152	5.0000000000
3.7063640403	4.0000000000
3.6876841202	4.0000000000
4.2586476352	5.0000000000
4.2695578150	5.0000000000
4.0038931290	4.0000000000
2.5327732583	4.0000000000
4.2695708994	5.0000000000
4.1256874627	5.0000000000
4.1245671358	5.0000000000
4.0016908214	4.0000000000
3.8452883144	4.0000000000
4.2695719944	5.0000000000
4.2695554314	5.0000000000
4.2598293508	4.0000000000
4.2521528307	4.0000000000
4.1754790524	5.0000000000
4.2458333928	5.0000000000
4.2613423615	5.0000000000
3.0747991312	4.0000000000
4.2695566047	4.0000000000
4.2637277792	5.0000000000
4.2296479978	5.0000000000
4.2695695460	5.0000000000
2.8930571178	4.0000000000
4.0858101318	4.0000000000
4.2600568210	5.0000000000
2.8901447344	5.0000000000
4.1984033855	4.0000000000
4.2458309015	4.0000000000
4.0914155388	5.0000000000
4.2436878167	5.0000000000
3.9283285848	5.0000000000
3.2318399376	4.0000000000
4.0645579127	4.0000000000
2.8981627267	5.0000000000
4.2695395148	5.0000000000
4.2647883760	4.0000000000
3.3967307455	4.0000000000
2.5728431172	5.0000000000
3.5767034563	5.0000000000
4.2134690979	5.0000000000
4.2508980891	4.0000000000
3.8028095935	4.0000000000
4.0336567236	5.0000000000
3.6082381911	5.0000000000
3.9006911628	4.0000000000
4.1301520557	4.0000000000
3.2184884087	4.0000000000
3.7962829180	5.0000000000
4.2621470412	5.0000000000
2.9949317336	3.0000000000
3.3022244332	3.0000000000
4.1392895522	5.0000000000
3.9228939129	5.0000000000
4.2262419821	5.0000000000
4.2695208380	3.0000000000
3.9126878786	3.0000000000
4.0412985660	5.0000000000
3.7276333740	5.0000000000
3.8681900185	3.0000000000
3.7966283075	3.0000000000
4.0764117484	5.0000000000
4.2695526682	5.0000000000
4.2458774734	5.0000000000
4.1434608668	3.0000000000
3.4845045628	3.0000000000
4.2604767926	5.0000000000
2.7987997328	5.0000000000
2.7684099202	3.0000000000
3.9826676434	3.0000000000
4.1785447985	5.0000000000
4.2612750119	5.0000000000
3.1779352281	5.0000000000
2.7242739342	3.0000000000
3.1552200006	3.0000000000
3.6274845608	5.0000000000
4.0275790849	5.0000000000
3.6564372188	5.0000000000
3.1314472272	3.0000000000
2.4454755704	3.0000000000
4.1381022140	5.0000000000
4.1715657150	5.0000000000
2.5989495038	3.0000000000
2.6492415563	3.0000000000
3.9439234420	5.0000000000
4.1107361405	5.0000000000
2.6526731199	5.0000000000
3.9238421854	3.0000000000
3.5889090628	3.0000000000
3.6902733826	5.0000000000
3.5724183961	5.0000000000
3.5910050705	3.0000000000
3.7107114555	3.0000000000
4.2695722306	5.0000000000
4.2604702790	5.0000000000
4.1725711063	5.0000000000
3.7038894888	3.0000000000
3.6553597666	3.0000000000
3.3840501382	5.0000000000
4.2563996175	5.0000000000
4.1744869134	5.0000000000
4.0103245875	3.0000000000
3.3367567385	3.0000000000
3.9170068607	5.0000000000
4.2695677373	5.0000000000
3.3336344166	3.0000000000
3.0048285642	3.0000000000
3.8446060447	5.0000000000
3.3364971541	5.0000000000
4.2670367411	5.0000000000
3.6035234618	3.0000000000
2.5166962415	3.0000000000
4.2695670698	5.0000000000
4.0384657269	5.0000000000
4.1149911447	3.0000000000
2.8750728080	3.0000000000
4.2695752531	5.0000000000
3.8286375668	5.0000000000
4.2592322861	5.0000000000
3.7899217133	3.0000000000
2.8126259094	3.0000000000
4.2695703928	5.0000000000
4.2480877185	5.0000000000
4.2695534158	5.0000000000
3.5663440072	3.0000000000
2.4456378058	3.0000000000
4.2695571174	5.0000000000
4.2695678018	5.0000000000
2.8821957143	3.0000000000
2.4454779413	3.0000000000
3.3346934941	5.0000000000
4.0040954020	5.0000000000
3.9489436681	5.0000000000
3.6034638161	3.0000000000
3.5972828760	3.0000000000
3.9091002807	5.0000000000
2.4455728834	5.0000000000
4.0017076014	3.0000000000
2.4455147239	2.0000000000
4.2438920813	5.0000000000
4.2695613379	5.0000000000
4.2592980659	5.0000000000
2.4598589326	2.0000000000
2.4455797764	2.0000000000
4.0414057707	5.0000000000
4.2584170378	5.0000000000
2.6311646558	2.0000000000
2.4455505305	2.0000000000
3.2340868178	2.0000000000
4.2259642301	5.0000000000
3.9579702734	5.0000000000
3.2598163516	2.0000000000
3.4398533826	2.0000000000
3.9678017859	5.0000000000
4.1806580228	5.0000000000
4.0619135101	5.0000000000
4.2355092712	2.0000000000
2.4454665284	2.0000000000
3.8308827885	5.0000000000
4.2638095176	5.0000000000
2.8000567823	2.0000000000
2.4455362281	2.0000000000
4.2421801025	5.0000000000
4.2615280233	5.0000000000
4.2602348790	5.0000000000
2.4454943622	2.0000000000
2.4454887709	2.0000000000
3.2509921649	5.0000000000
4.2376573358	5.0000000000
2.9934182519	2.0000000000
3.9411532174	2.0000000000
3.2830597592	5.0000000000
4.2695637080	5.0000000000
4.2078891208	5.0000000000
2.4951041124	2.0000000000
3.9024931502	2.0000000000
4.2370728997	5.0000000000
3.4458107684	5.0000000000
3.7957440470	5.0000000000
2.4454878856	2.0000000000
2.4455285066	2.0000000000
3.8448340068	5.0000000000
4.2695546997	5.0000000000
3.2386368243	2.0000000000
4.2458468399	2.0000000000
4.2695524556	5.0000000000
3.2904575547	5.0000000000
2.4455599638	5.0000000000
2.4454782933	2.0000000000
2.6436020751	2.0000000000
4.2418317219	5.0000000000
3.1966640362	5.0000000000
2.4454900128	2.0000000000
2.6228832913	2.0000000000
3.3617127913	5.0000000000
4.2695491379	5.0000000000
4.2583863743	5.0000000000
2.4455698242	2.0000000000
4.1721095449	2.0000000000
4.2420774205	5.0000000000
3.0055837894	5.0000000000
3.1937007341	5.0000000000
3.1563893924	2.0000000000
3.0986293885	2.0000000000
2.4454664188	5.0000000000
3.4405984323	5.0000000000
2.4455202068	2.0000000000
3.5193085704	1.0000000000
4.1061141346	5.0000000000
3.8435288044	5.0000000000
3.7145769825	5.0000000000
2.9165985487	1.0000000000
2.4454831021	1.0000000000
4.1778266916	5.0000000000
4.2568337819	5.0000000000
2.4455096508	1.0000000000
2.4455424269	1.0000000000
4.2618354513	5.0000000000
4.1861067970	5.0000000000
4.2578582066	5.0000000000
3.0456397875	1.0000000000
2.4454820074	1.0000000000
4.2695690904	5.0000000000
4.2527224767	5.0000000000
4.1045475783	5.0000000000
2.4454730597	1.0000000000
2.4454787987	1.0000000000
4.2513810782	5.0000000000
4.2328365991	5.0000000000
2.9839172855	1.0000000000
2.8168701811	1.0000000000
4.2695726055	5.0000000000
3.5215308942	5.0000000000
4.2695548466	5.0000000000
3.1281317429	1.0000000000
2.4454924171	1.0000000000
3.7463623378	5.0000000000
3.3129202887	5.0000000000
2.4454989027	1.0000000000
4.1182439225	1.0000000000
4.2112407733	5.0000000000
3.9388834623	5.0000000000
4.2695469556	5.0000000000
2.7439440152	1.0000000000
2.7525682034	1.0000000000
3.1669477979	5.0000000000
3.0630979199	5.0000000000
2.4455402090	1.0000000000
2.4454797206	1.0000000000
2.7523745705	1.0000000000
4.2286074354	5.0000000000
4.2607235522	5.0000000000
2.9577583074	1.0000000000
2.9848739754	1.0000000000
4.2458494912	5.0000000000
4.2545410105	5.0000000000
4.2594593207	5.0000000000
2.6378751561	1.0000000000
3.1497477734	1.0000000000
3.7928966585	5.0000000000
3.8524652361	5.0000000000
2.4454740766	1.0000000000
2.4454749327	1.0000000000
4.2183625180	5.0000000000
4.2605021608	5.0000000000
3.7001128751	5.0000000000
2.4455056200	1.0000000000
2.4455291259	1.0000000000
4.1469829237	5.0000000000
4.2695656877	5.0000000000
2.4454811194	1.0000000000
2.4454949232	1.0000000000
4.2649693708	5.0000000000
4.2484702195	5.0000000000
4.2621827169	5.0000000000
2.7348614286	1.0000000000
4.2285980147	1.0000000000
3.3143187919	5.0000000000
4.2606779952	5.0000000000
4.1584301268	5.0000000000
3.3980137988	1.0000000000
2.7062245406	1.0000000000
3.6610323744	5.0000000000
4.2675948709	5.0000000000
3.9025061687	1.0000000000
2.6149903949	1.0000000000
4.2651122135	5.0000000000
4.2695688338	5.0000000000
4.2695592592	5.0000000000
4.2695215075	1.0000000000
2.4454778266	1.0000000000
3.3651228818	5.0000000000
4.2625279270	5.0000000000
3.3335936583	4.0000000000
4.2695558322	4.0000000000
3.6830386545	5.0000000000
4.2005986189	5.0000000000
4.2695479199	5.0000000000
2.6519943572	4.0000000000
4.0607765812	4.0000000000
3.5054398484	5.0000000000
4.1570934066	5.0000000000
3.9366236573	5.0000000000
4.0744598692	4.0000000000
3.8763827751	4.0000000000
4.2695722434	5.0000000000
2.5933354538	5.0000000000
4.0424564940	4.0000000000
4.1984001990	4.0000000000
3.6621568471	5.0000000000
4.2070390117	5.0000000000
3.0043052799	5.0000000000
3.0174781172	4.0000000000
3.0854046489	4.0000000000
4.2611456657	5.0000000000
3.0455453996	5.0000000000
2.4454789798	4.0000000000
4.2695577120	4.0000000000
3.0548227084	5.0000000000
4.2695710948	5.0000000000
4.2616706282	5.0000000000
4.2695142383	4.0000000000
4.2458645351	4.0000000000
2.9820871548	5.0000000000
4.2098172880	5.0000000000
4.2695442333	5.0000000000
4.1452222377	4.0000000000
4.0338199611	4.0000000000
3.3293391767	5.0000000000
4.2695277603	5.0000000000
4.2629527150	4.0000000000
3.5082407735	4.0000000000
4.2695649242	5.0000000000
3.8240829774	5.0000000000
4.2661941437	5.0000000000
4.2499314596	4.0000000000
3.1886297822	4.0000000000
3.9321167798	5.0000000000
3.7592789256	5.0000000000
4.2112407753	4.0000000000
2.9671008317	4.0000000000
4.2695644781	5.0000000000
4.2526776120	5.0000000000
4.0188408345	5.0000000000
4.2389817071	4.0000000000
4.2664144279	4.0000000000
4.2695427452	5.0000000000
3.0336632814	5.0000000000
4.2649576508	4.0000000000
4.2219595154	4.0000000000
4.2643605765	4.0000000000
4.2695522551	5.0000000000
4.1467006534	5.0000000000
3.0663301960	4.0000000000
3.8325320718	4.0000000000
4.2443539077	5.0000000000
4.2211273915	5.0000000000
4.1999504658	5.0000000000
3.3458218987	4.0000000000
4.2592979510	4.0000000000
4.1323390709	5.0000000000
4.2255992914	5.0000000000
3.1655760240	4.0000000000
4.2593165598	4.0000000000
4.2695529900	5.0000000000
3.9907989504	5.0000000000
4.2649342244	5.0000000000
4.2695423214	4.0000000000
3.2519092521	4.0000000000
4.0678213316	5.0000000000
3.9249483136	5.0000000000
3.3918336674	4.0000000000
4.1410959462	4.0000000000
3.9902368648	5.0000000000
4.1613230651	5.0000000000
3.6595043306	5.0000000000
4.0404793996	4.0000000000
4.2344714027	4.0000000000
4.2586640144	5.0000000000
3.8934628716	5.0000000000
4.2604095500	5.0000000000
4.2695242800	4.0000000000
4.0748135306	4.0000000000
3.9113221466	5.0000000000
4.2695750179	5.0000000000
2.6899101679	4.0000000000
4.1845080407	4.0000000000
4.0755291285	5.0000000000
4.2695679717	5.0000000000
4.2049128717	5.0000000000
4.2219316139	4.0000000000
3.4131745315	4.0000000000
4.0461142329	5.0000000000
4.2654467608	5.0000000000
4.2695683634	4.0000000000
4.2458499044	4.0000000000
4.2695708288	5.0000000000
3.2309788301	5.0000000000
4.2618049894	5.0000000000
4.0940118754	4.0000000000
4.2695656426	4.0000000000
4.2542481238	5.0000000000
4.2606193603	5.0000000000
3.7254801128	5.0000000000
4.1993900633	4.0000000000
4.2695390014	4.0000000000
4.1794784523	5.0000000000
4.2695623054	5.0000000000
4.0645702928	4.0000000000
3.0851132030	4.0000000000
4.2695667070	5.0000000000
4.2695709929	5.0000000000
3.5648076936	5.0000000000
3.2719765680	4.0000000000
4.2610457352	4.0000000000
4.2694782678	5.0000000000
4.0630880507	5.0000000000
4.2482977449	4.0000000000
4.2200779543	4.0000000000
4.2665609275	5.0000000000
3.3129259584	5.0000000000
3.8994112259	5.0000000000
4.2695369510	4.0000000000
4.1857615346	4.0000000000
3.5431425938	5.0000000000
4.2695637147	5.0000000000
3.4917277699	5.0000000000
3.6294441393	4.0000000000
3.3949229935	4.0000000000
4.2695597791	5.0000000000
4.2695667664	5.0000000000
3.1743780008	4.0000000000
3.1623848662	4.0000000000
3.5244074170	5.0000000000
4.2399966894	5.0000000000
4.2619531480	5.0000000000
3.0315288681	4.0000000000
4.2641013842	4.0000000000
4.2629438668	5.0000000000
4.1320550135	5.0000000000
3.2442285150	4.0000000000
2.9428789883	4.0000000000
4.2695705560	5.0000000000
3.8093259727	5.0000000000
3.7858384797	5.0000000000
3.0433191987	4.0000000000
4.1822586876	4.0000000000
4.2695738325	5.0000000000
4.2695549189	5.0000000000
3.8656888878	4.0000000000
4.1101799222	4.0000000000
4.2577251563	4.0000000000
3.8147291757	5.0000000000
2.9897785175	5.0000000000
3.6526490074	4.0000000000
4.2459635351	4.0000000000
3.2909711200	5.0000000000
4.2695740936	5.0000000000
3.3946813086	5.0000000000
4.2626829869	4.0000000000
3.7724909976	4.0000000000
4.1580288818	5.0000000000
4.2695722531	5.0000000000
2.4454826150	4.0000000000
3.3616963145	4.0000000000
4.0635341280	5.0000000000
4.0958566432	5.0000000000
3.9142230886	5.0000000000
4.1360672764	4.0000000000
3.2086307153	4.0000000000
2.4455227184	5.0000000000
4.2468714626	5.0000000000
3.9782777330	4.0000000000
3.0446311299	4.0000000000
4.2460693341	5.0000000000
4.2640629061	5.0000000000
4.2695658356	5.0000000000
4.2695238334	4.0000000000
2.6794421295	4.0000000000
4.2695730975	5.0000000000
3.9346230258	5.0000000000
4.0676101923	5.0000000000
2.8449262902	4.0000000000
3.7290973863	4.0000000000
4.2558277114	5.0000000000
4.2371680810	5.0000000000
3.1517741959	4.0000000000
4.0225980441	4.0000000000
4.2644528663	5.0000000000
4.2695570193	5.0000000000
4.2501166482	5.0000000000
3.2496915061	4.0000000000
4.2458895015	4.0000000000
4.2695526423	5.0000000000
4.2695645221	5.0000000000
3.9854821435	4.0000000000
3.7989225737	4.0000000000
3.7679363792	5.0000000000
3.1908748243	5.0000000000
4.1936727023	5.0000000000
4.1276751413	4.0000000000
4.1301078131	4.0000000000
4.2695696278	5.0000000000
4.0513616260	5.0000000000
4.2695610483	5.0000000000
4.0686883898	4.0000000000
4.2695358281	4.0000000000
4.2458673937	5.0000000000
4.2694999739	5.0000000000
2.4454849387	4.0000000000
4.1762924009	4.0000000000
4.1395497838	5.0000000000
4.1411409409	5.0000000000
4.2638693191	5.0000000000
4.1996568578	4.0000000000
2.8103907482	4.0000000000
4.1245649289	5.0000000000
2.4455417742	5.0000000000
4.1373930411	4.0000000000
2.8539534726	4.0000000000
4.1360794952	5.0000000000
3.9548531298	5.0000000000
4.2695626014	5.0000000000
4.0952390224	4.0000000000
4.2640754098	4.0000000000
4.1726113753	5.0000000000
4.2695454781	5.0000000000
3.9548429614	4.0000000000
4.2581007256	4.0000000000
4.0722627689	4.0000000000
4.2695634038	5.0000000000
4.2695663044	5.0000000000
3.1477177082	4.0000000000
4.1210496085	4.0000000000
4.2669624413	5.0000000000
3.9128005438	5.0000000000
4.1783466644	5.0000000000
4.1839861369	4.0000000000
3.8680712609	4.0000000000
4.0299557516	5.0000000000
4.2695593013	5.0000000000
3.4939673328	4.0000000000
4.2374769776	3.0000000000
4.2695678354	5.0000000000
4.2650387133	5.0000000000
4.2260688738	5.0000000000
2.7416153841	3.0000000000
4.1318391198	3.0000000000
4.2344890532	5.0000000000
4.2695592509	5.0000000000
3.1806723495	3.0000000000
4.1703740258	3.0000000000
4.2627978869	5.0000000000
4.2563927447	5.0000000000
4.2695547467	5.0000000000
3.4623307765	3.0000000000
4.1943494564	3.0000000000
4.2695515212	5.0000000000
4.2695573062	5.0000000000
2.4455566736	5.0000000000
3.9989710420	3.0000000000
4.1944162943	3.0000000000
4.0328328367	5.0000000000
4.1960509337	5.0000000000
3.7797156047	3.0000000000
2.6468932059	3.0000000000
4.1306214416	5.0000000000
3.3334698827	5.0000000000
3.8823146809	5.0000000000
3.8432704686	3.0000000000
2.6117482268	3.0000000000
4.2568475502	5.0000000000
3.8234572886	5.0000000000
3.3995848199	3.0000000000
2.8792622028	3.0000000000
4.1579282193	5.0000000000
4.2436522119	5.0000000000
4.2695697122	5.0000000000
2.4455650102	3.0000000000
4.2695320566	3.0000000000
3.9481434255	5.0000000000
4.2652977080	5.0000000000
4.2135821115	5.0000000000
3.3468013761	3.0000000000
3.1261802862	3.0000000000
4.2695676165	5.0000000000
4.2695556876	5.0000000000
4.2055432075	3.0000000000
3.4466677104	3.0000000000
4.2695574526	5.0000000000
4.2695606510	5.0000000000
3.6406005609	5.0000000000
2.6630116509	3.0000000000
2.4456104216	3.0000000000
4.2695623198	5.0000000000
3.8016220099	5.0000000000
4.0169566893	3.0000000000
3.0890754593	3.0000000000
4.2313692374	5.0000000000
4.2695568000	5.0000000000
4.1983931702	5.0000000000
2.9239276320	3.0000000000
4.0139744400	3.0000000000
4.1925077638	5.0000000000
4.2695732974	5.0000000000
4.1415128575	5.0000000000
2.7457005754	3.0000000000
2.7259452646	3.0000000000
3.8928401495	5.0000000000
3.9436866863	5.0000000000
4.2577023219	3.0000000000
4.1529891854	3.0000000000
4.2695445006	5.0000000000
3.3450415715	5.0000000000
4.2583038403	5.0000000000
2.4455454435	3.0000000000
2.9251757181	3.0000000000
4.2178319844	5.0000000000
4.2193714477	5.0000000000
2.4455006061	3.0000000000
3.8342093830	3.0000000000
4.0405972562	5.0000000000
3.9269379938	5.0000000000
4.1510642289	5.0000000000
3.2439542948	3.0000000000
2.8845793190	3.0000000000
4.2695687905	5.0000000000
4.2695546131	5.0000000000
2.8730724573	3.0000000000
2.5864314933	3.0000000000
3.5216651215	3.0000000000
3.1941406567	5.0000000000
3.7005358345	5.0000000000
3.9697830129	3.0000000000
2.4454919030	3.0000000000
4.2695323110	5.0000000000
4.2695552189	5.0000000000
4.2558463922	5.0000000000
2.6647653973	3.0000000000
3.9175239925	3.0000000000
4.0397875800	5.0000000000
2.4458514766	5.0000000000
3.2053242502	3.0000000000
3.2266418527	3.0000000000
4.2695749241	5.0000000000
4.1117624768	5.0000000000
3.9057163554	5.0000000000
3.1439580890	3.0000000000
3.1777442645	3.0000000000
4.2516176730	5.0000000000
4.2670788475	5.0000000000
3.4364005945	3.0000000000
3.0292250331	3.0000000000
4.1547124032	5.0000000000
2.4454745121	5.0000000000
4.1309916780	5.0000000000
3.5859178466	3.0000000000
4.2695541127	3.0000000000
4.0744719549	5.0000000000
3.8174958316	5.0000000000
4.2695732607	5.0000000000
3.1622436267	3.0000000000
3.2447326807	3.0000000000
4.0465005785	5.0000000000
4.1336843461	5.0000000000
3.3088598678	3.0000000000
2.4454863779	3.0000000000
3.8770527832	5.0000000000
4.2695740523	5.0000000000
4.2458913614	5.0000000000
2.4455565989	3.0000000000
2.8593474655	3.0000000000
4.2695713259	5.0000000000
4.2695636589	5.0000000000
2.5754847087	3.0000000000
4.2553949642	3.0000000000
4.2695454032	5.0000000000
3.9305182709	5.0000000000
4.2632559300	5.0000000000
2.9327678061	3.0000000000
4.2695472733	3.0000000000
4.1815316352	5.0000000000
4.2695580872	5.0000000000
4.2695593619	5.0000000000
2.5967753001	3.0000000000
3.7737950579	3.0000000000
4.1666594541	5.0000000000
4.2658707990	5.0000000000
2.9330523841	3.0000000000
4.2359207337	3.0000000000
4.2651270973	5.0000000000
4.2065882318	5.0000000000
4.2695694252	5.0000000000
2.8396459361	3.0000000000
2.8244124244	3.0000000000
4.2342022769	5.0000000000
4.2670918019	5.0000000000
4.2458783919	3.0000000000
2.5098479570	3.0000000000
4.2695568000	5.0000000000
3.6017842593	5.0000000000
3.4720124316	5.0000000000
3.3844391691	2.0000000000
3.3579200341	2.0000000000
4.2695251777	5.0000000000
3.2189465598	5.0000000000
4.2458879957	5.0000000000
2.4454856806	2.0000000000
4.2582810812	2.0000000000
4.2695651792	5.0000000000
4.1865824453	5.0000000000
2.6068781587	2.0000000000
2.8911980101	2.0000000000
4.2616401235	5.0000000000
4.2695622087	5.0000000000
4.2657677522	5.0000000000
4.0092986146	2.0000000000
2.4454611113	2.0000000000
2.9811324091	5.0000000000
4.2621030049	5.0000000000
3.5943969483	2.0000000000
2.9169186888	2.0000000000
4.2695576870	5.0000000000
4.2695694459	5.0000000000
3.2846746655	5.0000000000
3.3467027108	2.0000000000
2.4454977563	2.0000000000
4.2695648241	5.0000000000
4.2695644421	5.0000000000
2.4455379989	2.0000000000
4.0391051508	2.0000000000
2.6985189996	2.0000000000
4.2695519594	5.0000000000
3.9025247533	5.0000000000
2.4455201188	2.0000000000
2.4455240356	2.0000000000
4.0957618457	5.0000000000
3.8052845019	5.0000000000
3.9264346866	5.0000000000
2.7823251031	2.0000000000
3.7752158562	2.0000000000
4.0763020983	5.0000000000
4.2626787563	5.0000000000
2.7514681701	2.0000000000
3.1531671716	2.0000000000
3.4547103636	5.0000000000
4.2695333389	5.0000000000
2.4456195118	5.0000000000
4.2695434690	2.0000000000
3.8063234949	2.0000000000
4.2664102098	5.0000000000
4.1638377733	5.0000000000
2.6166301052	2.0000000000
3.6213461492	2.0000000000
3.5992954259	5.0000000000
4.2212800821	5.0000000000
2.8202734112	5.0000000000
3.5470397056	2.0000000000
2.9187701235	2.0000000000
4.2616546144	5.0000000000
4.2636476722	5.0000000000
4.1705273611	5.0000000000
2.4454964689	2.0000000000
3.6396200685	2.0000000000
3.8498422066	5.0000000000
3.0967971388	5.0000000000
2.4455534407	2.0000000000
2.4454736282	2.0000000000
4.1103503734	5.0000000000
4.2695566500	5.0000000000
4.2695715242	5.0000000000
2.4723274041	2.0000000000
2.4455259069	2.0000000000
4.2695585457	5.0000000000
4.1625219686	5.0000000000
4.2077763338	2.0000000000
2.8511468254	2.0000000000
4.2462542426	5.0000000000
4.2579376951	5.0000000000
4.0063047507	5.0000000000
2.4454746313	2.0000000000
4.2695096184	2.0000000000
4.2694890980	5.0000000000
4.2695608938	5.0000000000
4.2695615652	5.0000000000
2.8083650189	2.0000000000
2.4455027787	2.0000000000
4.1943403993	5.0000000000
4.2695671618	5.0000000000
4.2553870211	2.0000000000
2.7309743927	2.0000000000
4.2604713433	5.0000000000
4.2695616012	5.0000000000
4.2608842139	5.0000000000
3.5517222520	2.0000000000
2.4455610792	2.0000000000
4.2650561469	5.0000000000
3.9448803248	5.0000000000
2.5383028243	2.0000000000
4.2183522789	2.0000000000
4.0018895033	5.0000000000
4.2695603180	5.0000000000
4.2695678271	5.0000000000
2.4455119330	2.0000000000
3.0091052992	2.0000000000
4.2437501288	5.0000000000
3.5853661876	5.0000000000
4.2695615788	5.0000000000
4.2227320553	2.0000000000
2.7858966757	2.0000000000
4.0176315783	5.0000000000
4.2695047232	5.0000000000
3.2724330058	2.0000000000
2.7404423087	2.0000000000
3.9484365376	5.0000000000
3.5294427459	5.0000000000
4.1160578266	5.0000000000
3.4924675457	2.0000000000
3.6125189567	2.0000000000
4.2695184058	5.0000000000
3.7143698082	5.0000000000
3.2345755765	2.0000000000
3.1597928706	2.0000000000
3.4046928210	5.0000000000
4.0376922298	5.0000000000
3.5382944239	5.0000000000
2.6020820208	1.0000000000
2.5347431837	1.0000000000
4.2695688829	5.0000000000
3.5128041798	5.0000000000
2.4455035443	1.0000000000
2.7242268456	1.0000000000
2.4454737401	1.0000000000
4.2695732155	5.0000000000
3.6902509959	5.0000000000
2.7893022866	1.0000000000
2.6390794981	1.0000000000
2.4455166014	5.0000000000
4.2310248654	5.0000000000
4.2695555641	5.0000000000
2.6825428744	1.0000000000
2.8687103109	1.0000000000
3.3947042790	5.0000000000
3.9734726186	5.0000000000
2.5428951229	1.0000000000
2.5427468916	1.0000000000
4.2695605931	5.0000000000
3.5165454314	4.0000000000
3.0485750201	4.0000000000
2.4454965874	1.0000000000
2.7130781660	1.0000000000
4.0645121409	4.0000000000
4.2695238474	4.0000000000
3.3544006669	1.0000000000
4.2282063591	1.0000000000
2.8185139047	4.0000000000
4.1984086177	4.0000000000
4.2695543352	4.0000000000
3.3235489406	1.0000000000
2.5550103857	1.0000000000
3.4256044186	4.0000000000
4.1831915028	4.0000000000
3.5319289359	4.0000000000
2.4798758909	1.0000000000
2.9954082687	1.0000000000
4.2606870605	4.0000000000
4.1369492530	4.0000000000
2.9914431673	1.0000000000
3.9433369734	1.0000000000
3.7510152450	4.0000000000
2.4455681911	4.0000000000
4.2695665548	4.0000000000
2.4454728435	1.0000000000
2.9054286089	1.0000000000
4.2155426712	4.0000000000
4.2695586773	4.0000000000
3.7671552095	1.0000000000
2.5264402550	1.0000000000
4.2695685140	4.0000000000
3.9176643761	4.0000000000
3.9579620315	4.0000000000
3.3309338163	1.0000000000
2.8983133980	1.0000000000
3.1936800523	4.0000000000
3.3913634942	4.0000000000
4.2695492508	4.0000000000
2.4454764121	1.0000000000
2.9314424420	1.0000000000
3.5249107138	4.0000000000
4.2444367129	4.0000000000
2.6382285845	1.0000000000
2.4601761946	1.0000000000
4.1120865979	4.0000000000
4.1284587572	4.0000000000
4.2695613517	4.0000000000
2.9454514263	1.0000000000
2.4455048040	1.0000000000
4.2183593211	4.0000000000
4.2695598803	4.0000000000
2.4456139718	1.0000000000
2.8571109436	1.0000000000
3.8917835810	4.0000000000
4.0337841704	4.0000000000
3.9039570614	4.0000000000
2.7475608194	1.0000000000
2.8623600221	1.0000000000
3.9557932740	4.0000000000
4.1946424518	4.0000000000
4.2096237380	4.0000000000
3.4700558007	1.0000000000
3.2140078397	1.0000000000
3.8396089257	4.0000000000
3.7647756834	4.0000000000
2.5631036800	1.0000000000
3.2826980814	1.0000000000
3.9537979616	4.0000000000
4.2512987924	4.0000000000
4.2353301928	4.0000000000
4.2695506692	1.0000000000
2.6683587299	1.0000000000
4.1721012586	4.0000000000
4.2458720201	4.0000000000
2.4455202344	1.0000000000
2.4938273610	1.0000000000
4.2695272879	4.0000000000
4.2653322814	4.0000000000
4.2694844848	4.0000000000
3.6218235367	1.0000000000
2.5905226671	1.0000000000
3.4353180278	4.0000000000
4.2695430899	4.0000000000
2.6882253715	1.0000000000
2.5993385917	1.0000000000
3.4387712109	1.0000000000
4.2695704927	4.0000000000
3.5315073600	4.0000000000
3.8234337535	1.0000000000
2.5888277016	1.0000000000
4.2695677324	4.0000000000
4.0460858738	4.0000000000
4.1721084856	4.0000000000
2.6584341761	1.0000000000
4.2695415576	1.0000000000
4.1339276277	4.0000000000
2.6958909096	4.0000000000
4.2695020257	1.0000000000
3.0963872923	1.0000000000
4.0461113884	4.0000000000
3.4605388800	4.0000000000
3.0633867987	4.0000000000
2.4455767331	1.0000000000
2.8487649113	1.0000000000
3.7211522240	4.0000000000
4.2695548140	4.0000000000
2.5385967957	1.0000000000
2.5251973853	1.0000000000
4.2695562232	4.0000000000
3.8843373003	4.0000000000
3.2028704963	4.0000000000
4.2641696572	1.0000000000
2.7145274589	1.0000000000
4.2616716691	4.0000000000
2.9456052458	4.0000000000
3.8343246876	4.0000000000
3.0730186973	1.0000000000
4.1984035593	1.0000000000
3.0837190446	4.0000000000
3.0083437630	4.0000000000
3.1385911657	1.0000000000
2.8123263436	1.0000000000
3.2709859865	4.0000000000
3.0659832380	4.0000000000
4.1443615273	4.0000000000
2.9790472717	1.0000000000
2.7399954112	1.0000000000
2.9319270413	4.0000000000
3.2656945435	4.0000000000
2.4454841884	1.0000000000
2.5698162399	1.0000000000
