MAE: 0.1506076573
RMSE: 0.1817993450
RAE: 1.0173607119
RRSE: 1.0039251211
predictive R^2: -0.0078656487
perword likelihood1: -8.5673220074
perword likelihood2: -8.5643578462
0.5007046621	0.1000000000
0.4544734200	0.1000000000
0.4676410764	0.1000000000
0.3919067872	0.1000000000
0.6383454689	0.1000000000
0.4809028581	0.1000000000
0.5660840605	0.1000000000
0.6007492150	0.1000000000
0.4737682394	0.2000000000
0.4831979029	0.2000000000
0.5018298405	0.2000000000
0.5100195467	0.2000000000
0.4623685712	0.2000000000
0.4455514529	0.2000000000
0.4626807015	0.2000000000
0.4518671147	0.2000000000
0.5051580754	0.2000000000
0.5537123342	0.2000000000
0.5040643891	0.2000000000
0.4354009279	0.2000000000
0.5141283654	0.2000000000
0.4173126761	0.2000000000
0.4871775227	0.2000000000
0.5536615899	0.2000000000
0.5703977325	0.2000000000
0.5578722222	0.2000000000
0.5164546146	0.2000000000
0.5044381461	0.2000000000
0.6156049543	0.2000000000
0.5227175659	0.2000000000
0.5227175659	0.2000000000
0.5402274008	0.2000000000
0.6019240329	0.2000000000
0.5721778231	0.2000000000
0.5319443045	0.2000000000
0.5312651934	0.2000000000
0.5217379501	0.2000000000
0.5438620592	0.2000000000
0.5940873868	0.2000000000
0.5620964118	0.2000000000
0.5238213569	0.2000000000
0.4657663653	0.3000000000
0.4605785086	0.3000000000
0.5318892202	0.3000000000
0.4140117872	0.3000000000
0.5379690558	0.3000000000
0.4043793256	0.3000000000
0.4818377016	0.3000000000
0.4705917093	0.3000000000
0.4229602453	0.3000000000
0.4689878161	0.3000000000
0.5319820969	0.3000000000
0.4766036202	0.3000000000
0.4134107057	0.3000000000
0.4593776204	0.3000000000
0.4791291835	0.3000000000
0.4553340787	0.3000000000
0.4318350953	0.3000000000
0.4858540364	0.3000000000
0.4670901157	0.3000000000
0.4662058639	0.3000000000
0.4672335675	0.3000000000
0.4755478882	0.3000000000
0.4806327623	0.3000000000
0.4344061261	0.3000000000
0.4425491945	0.3000000000
0.5386507460	0.3000000000
0.5068286785	0.3000000000
0.4700614601	0.3000000000
0.4614285732	0.3000000000
0.4782488336	0.3000000000
0.4974776322	0.3000000000
0.4782488336	0.3000000000
0.4738773448	0.3000000000
0.4404417567	0.3000000000
0.4528122874	0.3000000000
0.4853142440	0.3000000000
0.4691549491	0.3000000000
0.5351121055	0.3000000000
0.4110904290	0.3000000000
0.4590624424	0.3000000000
0.5163096198	0.3000000000
0.5199486480	0.3000000000
0.4368599857	0.3000000000
0.5030874971	0.3000000000
0.4500474017	0.3000000000
0.5127788131	0.3000000000
0.4608130943	0.3000000000
0.4327677517	0.3000000000
0.4574781840	0.3000000000
0.4916803633	0.3000000000
0.4494772063	0.3000000000
0.4403257672	0.3000000000
0.4367863511	0.3000000000
0.4699053932	0.3000000000
0.4367863511	0.3000000000
0.5058028356	0.3000000000
0.4575253663	0.3000000000
0.5926051713	0.3000000000
0.5964261525	0.3000000000
0.6272333416	0.3000000000
0.5714104094	0.3000000000
0.5546956206	0.3000000000
0.5738756293	0.3000000000
0.5408162915	0.3000000000
0.5617816091	0.3000000000
0.5295997081	0.3000000000
0.5378382824	0.3000000000
0.4974149268	0.3000000000
0.5703198824	0.3000000000
0.5766768602	0.3000000000
0.5583735427	0.3000000000
0.5583735427	0.3000000000
0.5267669258	0.3000000000
0.5897425242	0.3000000000
0.5027808339	0.3000000000
0.5586199791	0.3000000000
0.5790907069	0.3000000000
0.5667187472	0.3000000000
0.5549698573	0.3000000000
0.5504147795	0.3000000000
0.6268929946	0.3000000000
0.6435005401	0.3000000000
0.5306496859	0.3000000000
0.5695051322	0.3000000000
0.5483392139	0.3000000000
0.5373490506	0.3000000000
0.5498368489	0.3000000000
0.5565105943	0.3000000000
0.5113717965	0.3000000000
0.5499920725	0.3000000000
0.5110523427	0.3000000000
0.6033734997	0.3000000000
0.5172211814	0.3000000000
0.5905876014	0.3000000000
0.5658467147	0.3000000000
0.5641366527	0.3000000000
0.4719376637	0.4000000000
0.5222681627	0.4000000000
0.4990725325	0.4000000000
0.5019532511	0.4000000000
0.4623209102	0.4000000000
0.4331029436	0.4000000000
0.5125852986	0.4000000000
0.5577272669	0.4000000000
0.4929313630	0.4000000000
0.4946763113	0.4000000000
0.4281565856	0.4000000000
0.4920356270	0.4000000000
0.4947913379	0.4000000000
0.5313287237	0.4000000000
0.4597771941	0.4000000000
0.4121021656	0.4000000000
0.4377282357	0.4000000000
0.4714183961	0.4000000000
0.4601745409	0.4000000000
0.4667673938	0.4000000000
0.4642984055	0.4000000000
0.5089124686	0.4000000000
0.5435588878	0.4000000000
0.4793321557	0.4000000000
0.4262311088	0.4000000000
0.4514867588	0.4000000000
0.4991842028	0.4000000000
0.5068374974	0.4000000000
0.4268712422	0.4000000000
0.4224309706	0.4000000000
0.5002961495	0.4000000000
0.4868219946	0.4000000000
0.4251139848	0.4000000000
0.5133522591	0.4000000000
0.4757435320	0.4000000000
0.5019589080	0.4000000000
0.4027618743	0.4000000000
0.5256180433	0.4000000000
0.4929874955	0.4000000000
0.5206080903	0.4000000000
0.4958976097	0.4000000000
0.4800110526	0.4000000000
0.4564837089	0.4000000000
0.5322691696	0.4000000000
0.5373720517	0.4000000000
0.4724115640	0.4000000000
0.4511637014	0.4000000000
0.4669583367	0.4000000000
0.4695679907	0.4000000000
0.5292366901	0.4000000000
0.4400203209	0.4000000000
0.5258593461	0.4000000000
0.4443957428	0.4000000000
0.4792078688	0.4000000000
0.4347176803	0.4000000000
0.4511402266	0.4000000000
0.4902266483	0.4000000000
0.4682730809	0.4000000000
0.4086334535	0.4000000000
0.5037742809	0.4000000000
0.5512270191	0.4000000000
0.4258704555	0.4000000000
0.4483714627	0.4000000000
0.4540180470	0.4000000000
0.4540180470	0.4000000000
0.4638396750	0.4000000000
0.4960938252	0.4000000000
0.5484609969	0.4000000000
0.5098458576	0.4000000000
0.5234040277	0.4000000000
0.4781429281	0.4000000000
0.4699507314	0.4000000000
0.4663710836	0.4000000000
0.5135895751	0.4000000000
0.4406113204	0.4000000000
0.3846559238	0.4000000000
0.4977996816	0.4000000000
0.4554426872	0.4000000000
0.4015861867	0.4000000000
0.4463689297	0.4000000000
0.4811118698	0.4000000000
0.4833600358	0.4000000000
0.4700973683	0.4000000000
0.4325694384	0.4000000000
0.4287601062	0.4000000000
0.4437709971	0.4000000000
0.4234376269	0.4000000000
0.5435936431	0.4000000000
0.4885002377	0.4000000000
0.5618353251	0.4000000000
0.5557207913	0.4000000000
0.5762943093	0.4000000000
0.5871462296	0.4000000000
0.5610542970	0.4000000000
0.6306391791	0.4000000000
0.6150434664	0.4000000000
0.5462310044	0.4000000000
0.5948309738	0.4000000000
0.5745314608	0.4000000000
0.6181630172	0.4000000000
0.5958242031	0.4000000000
0.6039814266	0.4000000000
0.5417082543	0.4000000000
0.5194204459	0.4000000000
0.5646472600	0.4000000000
0.5568089621	0.4000000000
0.5854498934	0.4000000000
0.5673770486	0.4000000000
0.5927639830	0.4000000000
0.5524792813	0.4000000000
0.5202469794	0.4000000000
0.5583620124	0.4000000000
0.6040892682	0.4000000000
0.5575184357	0.4000000000
0.6030631708	0.4000000000
0.5428907639	0.4000000000
0.5831787566	0.4000000000
0.5314626815	0.4000000000
0.5124100784	0.4000000000
0.5903326900	0.4000000000
0.5520854670	0.4000000000
0.5410526056	0.4000000000
0.5531944011	0.4000000000
0.5226100760	0.4000000000
0.5708640779	0.4000000000
0.4835853650	0.4000000000
0.5568836113	0.4000000000
0.5686497925	0.4000000000
0.5856884146	0.4000000000
0.5320342669	0.4000000000
0.6822915007	0.4000000000
0.5897611264	0.4000000000
0.5480966978	0.4000000000
0.5370834761	0.4000000000
0.5477503225	0.4000000000
0.5537652590	0.4000000000
0.5509464550	0.4000000000
0.5695385950	0.4000000000
0.5640512981	0.4000000000
0.6277269166	0.4000000000
0.5875138768	0.4000000000
0.5704097425	0.4000000000
0.6216695629	0.4000000000
0.5653905618	0.4000000000
0.5533150495	0.4000000000
0.5175037269	0.4000000000
0.5176489748	0.4000000000
0.5527441339	0.4000000000
0.5956902553	0.4000000000
0.4221534765	0.4000000000
0.4555165579	0.5000000000
0.4878151570	0.5000000000
0.5142585673	0.5000000000
0.4722617127	0.5000000000
0.4717453502	0.5000000000
0.4577039681	0.5000000000
0.5288256535	0.5000000000
0.5046053124	0.5000000000
0.5184897463	0.5000000000
0.5156466847	0.5000000000
0.5087409555	0.5000000000
0.4440425901	0.5000000000
0.4329159333	0.5000000000
0.4500526094	0.5000000000
0.4850074227	0.5000000000
0.4615873083	0.5000000000
0.4615873083	0.5000000000
0.5115080868	0.5000000000
0.5297668909	0.5000000000
0.5297668909	0.5000000000
0.4759259382	0.5000000000
0.4913167243	0.5000000000
0.4861047145	0.5000000000
0.5274731610	0.5000000000
0.4450074253	0.5000000000
0.4564507570	0.5000000000
0.4581303269	0.5000000000
0.4613891530	0.5000000000
0.5249787119	0.5000000000
0.4465729236	0.5000000000
0.4465729236	0.5000000000
0.4138188169	0.5000000000
0.4708664044	0.5000000000
0.4653099768	0.5000000000
0.4291796298	0.5000000000
0.4826201100	0.5000000000
0.5170632879	0.5000000000
0.4613631508	0.5000000000
0.4709266198	0.5000000000
0.5198434665	0.5000000000
0.5160432729	0.5000000000
0.3921770046	0.5000000000
0.4959018626	0.5000000000
0.4847667416	0.5000000000
0.4976174774	0.5000000000
0.4717570689	0.5000000000
0.4670076816	0.5000000000
0.5054654532	0.5000000000
0.4726472821	0.5000000000
0.4438672556	0.5000000000
0.5261267528	0.5000000000
0.4881284712	0.5000000000
0.4881284712	0.5000000000
0.4257311313	0.5000000000
0.4114930208	0.5000000000
0.5481239597	0.5000000000
0.4330273830	0.5000000000
0.4711829843	0.5000000000
0.4685062387	0.5000000000
0.4334842733	0.5000000000
0.5086710658	0.5000000000
0.4388818397	0.5000000000
0.4462058497	0.5000000000
0.5463181731	0.5000000000
0.5294734820	0.5000000000
0.5280431303	0.5000000000
0.5206069673	0.5000000000
0.4883273073	0.5000000000
0.4603795717	0.5000000000
0.5404911544	0.5000000000
0.4656726253	0.5000000000
0.4216580716	0.5000000000
0.4585262704	0.5000000000
0.5147718975	0.5000000000
0.4887388800	0.5000000000
0.4173115315	0.5000000000
0.4646501869	0.5000000000
0.5850379314	0.5000000000
0.4662160817	0.5000000000
0.5096670483	0.5000000000
0.5020967838	0.5000000000
0.4513820153	0.5000000000
0.5054155458	0.5000000000
0.4467462717	0.5000000000
0.4318885424	0.5000000000
0.4760778122	0.5000000000
0.3865894629	0.5000000000
0.4962203887	0.5000000000
0.4872375062	0.5000000000
0.5003442613	0.5000000000
0.5633782182	0.5000000000
0.6090100873	0.5000000000
0.4041598107	0.5000000000
0.4385570178	0.5000000000
0.4494834825	0.5000000000
0.4267305897	0.5000000000
0.4762399812	0.5000000000
0.4512108848	0.5000000000
0.4296023737	0.5000000000
0.4980466467	0.5000000000
0.4898797900	0.5000000000
0.5363362735	0.5000000000
0.4898797900	0.5000000000
0.4697010369	0.5000000000
0.4999009934	0.5000000000
0.4808102325	0.5000000000
0.5135344898	0.5000000000
0.4463324484	0.5000000000
0.4720328416	0.5000000000
0.4981220520	0.5000000000
0.4740092460	0.5000000000
0.4633299501	0.5000000000
0.4695074532	0.5000000000
0.4690281940	0.5000000000
0.4918681250	0.5000000000
0.5095220408	0.5000000000
0.4145208760	0.5000000000
0.4640050963	0.5000000000
0.5053166910	0.5000000000
0.4599572060	0.5000000000
0.5858319477	0.5000000000
0.5789576000	0.5000000000
0.5731344610	0.5000000000
0.6428794365	0.5000000000
0.5907410494	0.5000000000
0.5855232574	0.5000000000
0.6924580717	0.5000000000
0.5130726541	0.5000000000
0.5995433159	0.5000000000
0.6646205303	0.5000000000
0.5964635493	0.5000000000
0.5340414427	0.5000000000
0.5525780401	0.5000000000
0.5298722078	0.5000000000
0.5608854799	0.5000000000
0.5483807688	0.5000000000
0.6035980178	0.5000000000
0.6313404506	0.5000000000
0.6007430234	0.5000000000
0.5303576400	0.5000000000
0.5290285875	0.5000000000
0.5455821085	0.5000000000
0.5754864849	0.5000000000
0.5698136856	0.5000000000
0.6255389788	0.5000000000
0.5595947236	0.5000000000
0.5993226248	0.5000000000
0.5885121294	0.5000000000
0.5804051682	0.5000000000
0.6402228767	0.5000000000
0.5948845049	0.5000000000
0.5920104239	0.5000000000
0.5652157513	0.5000000000
0.5631160280	0.5000000000
0.5415514313	0.5000000000
0.5242533102	0.5000000000
0.6288826149	0.5000000000
0.5463676653	0.5000000000
0.5680174153	0.5000000000
0.5654721167	0.5000000000
0.5544660755	0.5000000000
0.5490386244	0.5000000000
0.5525807814	0.5000000000
0.5328222628	0.5000000000
0.5672740551	0.5000000000
0.5495306263	0.5000000000
0.5127470231	0.5000000000
0.5509212622	0.5000000000
0.5880026139	0.5000000000
0.6180532581	0.5000000000
0.5263234439	0.5000000000
0.5199999758	0.5000000000
0.5274790337	0.5000000000
0.6134597379	0.5000000000
0.5399043073	0.5000000000
0.6656297265	0.5000000000
0.6239255720	0.5000000000
0.5262705666	0.5000000000
0.5513329826	0.5000000000
0.5089967725	0.5000000000
0.5201294683	0.5000000000
0.6084268826	0.5000000000
0.5976570427	0.5000000000
0.5805029915	0.5000000000
0.5865424200	0.5000000000
0.5258258033	0.5000000000
0.5442160780	0.5000000000
0.5730165205	0.5000000000
0.5592538599	0.5000000000
0.5373075236	0.5000000000
0.5738420701	0.5000000000
0.5931094676	0.5000000000
0.5506383167	0.5000000000
0.5684366183	0.5000000000
0.5852918044	0.5000000000
0.5749265562	0.5000000000
0.5246200538	0.5000000000
0.5661619084	0.5000000000
0.5131986341	0.5000000000
0.5114893785	0.5000000000
0.5127394791	0.6000000000
0.6174040094	0.6000000000
0.5630270547	0.6000000000
0.4872215224	0.6000000000
0.5344049609	0.6000000000
0.4991462160	0.6000000000
0.5224459436	0.6000000000
0.5044057729	0.6000000000
0.4414401761	0.6000000000
0.4596165090	0.6000000000
0.4534101821	0.6000000000
0.5212445569	0.6000000000
0.4788954112	0.6000000000
0.5187783032	0.6000000000
0.5180340228	0.6000000000
0.4430461256	0.6000000000
0.5651321203	0.6000000000
0.4966884400	0.6000000000
0.5777702978	0.6000000000
0.5481738913	0.6000000000
0.4978620476	0.6000000000
0.5365093995	0.6000000000
0.5043144669	0.6000000000
0.4723128608	0.6000000000
0.5793270193	0.6000000000
0.4932491831	0.6000000000
0.5271351201	0.6000000000
0.5217622614	0.6000000000
0.5217622614	0.6000000000
0.5474513640	0.6000000000
0.4798503054	0.6000000000
0.5472262991	0.6000000000
0.5342251571	0.6000000000
0.5148090272	0.6000000000
0.5207781001	0.6000000000
0.4847933089	0.6000000000
0.4919288900	0.6000000000
0.4581799605	0.6000000000
0.4790905902	0.6000000000
0.4860700861	0.6000000000
0.3900863819	0.6000000000
0.5049614366	0.6000000000
0.4656944819	0.6000000000
0.4856143729	0.6000000000
0.4763678876	0.6000000000
0.4729784601	0.6000000000
0.5373236172	0.6000000000
0.5077831094	0.6000000000
0.4844841118	0.6000000000
0.5394197748	0.6000000000
0.4292471338	0.6000000000
0.4569239119	0.6000000000
0.6153714573	0.6000000000
0.5023529505	0.6000000000
0.4908947871	0.6000000000
0.4741172456	0.6000000000
0.5563860399	0.6000000000
0.4996403638	0.6000000000
0.4860412523	0.6000000000
0.5185811364	0.6000000000
0.4404356644	0.6000000000
0.4678124253	0.6000000000
0.4790365625	0.6000000000
0.5081940101	0.6000000000
0.4915991931	0.6000000000
0.4405980939	0.6000000000
0.5312711922	0.6000000000
0.4069699638	0.6000000000
0.5060875686	0.6000000000
0.4962297953	0.6000000000
0.5165668407	0.6000000000
0.5096235235	0.6000000000
0.5267380649	0.6000000000
0.5101571922	0.6000000000
0.4717972910	0.6000000000
0.5597019984	0.6000000000
0.4977535579	0.6000000000
0.4527338196	0.6000000000
0.5482108075	0.6000000000
0.4698799501	0.6000000000
0.5174810817	0.6000000000
0.5609304288	0.6000000000
0.4875988947	0.6000000000
0.4955698078	0.6000000000
0.5639012877	0.6000000000
0.4827253777	0.6000000000
0.5041107449	0.6000000000
0.4601736877	0.6000000000
0.4601736877	0.6000000000
0.4568975560	0.6000000000
0.4902814463	0.6000000000
0.4481573965	0.6000000000
0.4371703142	0.6000000000
0.4820796049	0.6000000000
0.4686404354	0.6000000000
0.4418267372	0.6000000000
0.4935909069	0.6000000000
0.4778319162	0.6000000000
0.4884307102	0.6000000000
0.6279676811	0.6000000000
0.4373370931	0.6000000000
0.4332001111	0.6000000000
0.5409047391	0.6000000000
0.5001561962	0.6000000000
0.5076789703	0.6000000000
0.5151517401	0.6000000000
0.4511893860	0.6000000000
0.4631873355	0.6000000000
0.5007660059	0.6000000000
0.4597934771	0.6000000000
0.4956467891	0.6000000000
0.4498587365	0.6000000000
0.4541166997	0.6000000000
0.5154318134	0.6000000000
0.4340875107	0.6000000000
0.4401420683	0.6000000000
0.5599281821	0.6000000000
0.4534862801	0.6000000000
0.4881846364	0.6000000000
0.5313103670	0.6000000000
0.4804035200	0.6000000000
0.4665525196	0.6000000000
0.4400495394	0.6000000000
0.5596331220	0.6000000000
0.5184943007	0.6000000000
0.5313103670	0.6000000000
0.4726589305	0.6000000000
0.4766810089	0.6000000000
0.4324808171	0.6000000000
0.5184943007	0.6000000000
0.5596331220	0.6000000000
0.5100614044	0.6000000000
0.4417859232	0.6000000000
0.4046454851	0.6000000000
0.4386013921	0.6000000000
0.4947899177	0.6000000000
0.5810131307	0.6000000000
0.6221921062	0.6000000000
0.5978521120	0.6000000000
0.6127445284	0.6000000000
0.5648963264	0.6000000000
0.6232361954	0.6000000000
0.5913142784	0.6000000000
0.5788577211	0.6000000000
0.5707096404	0.6000000000
0.6232714504	0.6000000000
0.5980635305	0.6000000000
0.5507836120	0.6000000000
0.5528508412	0.6000000000
0.5584337435	0.6000000000
0.5923770538	0.6000000000
0.5573916018	0.6000000000
0.5280309656	0.6000000000
0.5770133179	0.6000000000
0.5347221637	0.6000000000
0.5945870641	0.6000000000
0.5729013178	0.6000000000
0.5645165118	0.6000000000
0.5636327697	0.6000000000
0.6145443244	0.6000000000
0.5657012023	0.6000000000
0.6294764549	0.6000000000
0.6222040923	0.6000000000
0.5651224444	0.6000000000
0.5430352529	0.6000000000
0.5451014242	0.6000000000
0.5872590955	0.6000000000
0.5925385602	0.6000000000
0.5890946349	0.6000000000
0.5277591791	0.6000000000
0.5587003150	0.6000000000
0.5647827895	0.6000000000
0.5307096731	0.6000000000
0.5665930623	0.6000000000
0.5436980987	0.6000000000
0.5577524558	0.6000000000
0.5729974074	0.6000000000
0.5949410098	0.6000000000
0.5585070873	0.6000000000
0.5585609190	0.6000000000
0.5871000566	0.6000000000
0.6913139953	0.6000000000
0.6768300489	0.6000000000
0.5794755034	0.6000000000
0.5564927905	0.6000000000
0.5719851131	0.6000000000
0.5786045908	0.6000000000
0.5541697609	0.6000000000
0.5158823352	0.6000000000
0.5814388285	0.6000000000
0.5281441780	0.6000000000
0.5838260957	0.6000000000
0.5851154751	0.6000000000
0.5620354542	0.6000000000
0.5163991517	0.6000000000
0.5451661867	0.6000000000
0.5342031962	0.6000000000
0.5120649173	0.6000000000
0.5590651353	0.6000000000
0.5748689399	0.6000000000
0.6015893068	0.6000000000
0.5438209118	0.6000000000
0.5812664817	0.6000000000
0.5602184983	0.6000000000
0.5407694272	0.6000000000
0.5128840365	0.6000000000
0.4999788086	0.6000000000
0.5204578670	0.6000000000
0.5517232872	0.6000000000
0.5885359481	0.6000000000
0.5833950554	0.6000000000
0.5813483391	0.6000000000
0.5720462663	0.6000000000
0.5615886029	0.6000000000
0.5726717298	0.6000000000
0.5408807914	0.6000000000
0.6358503136	0.6000000000
0.6560149272	0.6000000000
0.5464061083	0.6000000000
0.5191558529	0.6000000000
0.5887376073	0.6000000000
0.5910854504	0.6000000000
0.5859720863	0.6000000000
0.5687269686	0.6000000000
0.5771326675	0.6000000000
0.5780535086	0.6000000000
0.5429199586	0.6000000000
0.5539225659	0.6000000000
0.5558723607	0.6000000000
0.5461781988	0.6000000000
0.5724028292	0.6000000000
0.5788494476	0.6000000000
0.4990625345	0.6000000000
0.5632810806	0.6000000000
0.5794767162	0.6000000000
0.5365344852	0.6000000000
0.6217876633	0.6000000000
0.6059059019	0.6000000000
0.5808111410	0.6000000000
0.4850535964	0.6000000000
0.4641999313	0.6000000000
0.4833410714	0.6000000000
0.4685947022	0.6000000000
0.5035787573	0.6000000000
0.4972707145	0.6000000000
0.5498583009	0.7000000000
0.4795647580	0.7000000000
0.4728652046	0.7000000000
0.5186194385	0.7000000000
0.5056030631	0.7000000000
0.5607034587	0.7000000000
0.5511698499	0.7000000000
0.4725265179	0.7000000000
0.4956576281	0.7000000000
0.5142128952	0.7000000000
0.5050848985	0.7000000000
0.5021669693	0.7000000000
0.4993089674	0.7000000000
0.5578097279	0.7000000000
0.5500418228	0.7000000000
0.5266911175	0.7000000000
0.5044721668	0.7000000000
0.5151502556	0.7000000000
0.5147173496	0.7000000000
0.4728577118	0.7000000000
0.5376309509	0.7000000000
0.5401387083	0.7000000000
0.4756851645	0.7000000000
0.5355811851	0.7000000000
0.5814160260	0.7000000000
0.5104457562	0.7000000000
0.5346085186	0.7000000000
0.4749785634	0.7000000000
0.4659217067	0.7000000000
0.4635411846	0.7000000000
0.5474388571	0.7000000000
0.5490180521	0.7000000000
0.5571449913	0.7000000000
0.5571449913	0.7000000000
0.5044956290	0.7000000000
0.5227719870	0.7000000000
0.5778457844	0.7000000000
0.4998817890	0.7000000000
0.5675987776	0.7000000000
0.5093999450	0.7000000000
0.5108351401	0.7000000000
0.4950931668	0.7000000000
0.4752416711	0.7000000000
0.5552571940	0.7000000000
0.5398739509	0.7000000000
0.4727342205	0.7000000000
0.5424201000	0.7000000000
0.5135221759	0.7000000000
0.5175572737	0.7000000000
0.5445995968	0.7000000000
0.4979211856	0.7000000000
0.5705562819	0.7000000000
0.4742438079	0.7000000000
0.4758953658	0.7000000000
0.5262385117	0.7000000000
0.5551644537	0.7000000000
0.4805338276	0.7000000000
0.4836441794	0.7000000000
0.5380740304	0.7000000000
0.5228006202	0.7000000000
0.5281450372	0.7000000000
0.5061379460	0.7000000000
0.4520618614	0.7000000000
0.5115094449	0.7000000000
0.5086516914	0.7000000000
0.4574636085	0.7000000000
0.4736103236	0.7000000000
0.5266251777	0.7000000000
0.5493749399	0.7000000000
0.5203338299	0.7000000000
0.4753740051	0.7000000000
0.5395039990	0.7000000000
0.5263020784	0.7000000000
0.4923076776	0.7000000000
0.5292341386	0.7000000000
0.4557686995	0.7000000000
0.5165778921	0.7000000000
0.5213851072	0.7000000000
0.5319085389	0.7000000000
0.5319085389	0.7000000000
0.5856277985	0.7000000000
0.4860720633	0.7000000000
0.5171391844	0.7000000000
0.5485247920	0.7000000000
0.5211397229	0.7000000000
0.5467252207	0.7000000000
0.4826398975	0.7000000000
0.5013144095	0.7000000000
0.5456981396	0.7000000000
0.4830824762	0.7000000000
0.5406690009	0.7000000000
0.5245558388	0.7000000000
0.5368284065	0.7000000000
0.4954844557	0.7000000000
0.5372796723	0.7000000000
0.5176210213	0.7000000000
0.5410127150	0.7000000000
0.5159500510	0.7000000000
0.4498701688	0.7000000000
0.4915499609	0.7000000000
0.5267791277	0.7000000000
0.5361038432	0.7000000000
0.5107682650	0.7000000000
0.5099495419	0.7000000000
0.5698425088	0.7000000000
0.6248292224	0.7000000000
0.5128892477	0.7000000000
0.4623778962	0.7000000000
0.5238817856	0.7000000000
0.5022286157	0.7000000000
0.4915268088	0.7000000000
0.5093116416	0.7000000000
0.4931562054	0.7000000000
0.5029810029	0.7000000000
0.5571699412	0.7000000000
0.5649395703	0.7000000000
0.4990194449	0.7000000000
0.5457744739	0.7000000000
0.4210426993	0.7000000000
0.4668982569	0.7000000000
0.5957994011	0.7000000000
0.5240551587	0.7000000000
0.5159409775	0.7000000000
0.5394546510	0.7000000000
0.4226013131	0.7000000000
0.5289446699	0.7000000000
0.5093259010	0.7000000000
0.5173032251	0.7000000000
0.4725064723	0.7000000000
0.5114256418	0.7000000000
0.5079739390	0.7000000000
0.5079739390	0.7000000000
0.5454761775	0.7000000000
0.5083681093	0.7000000000
0.4815759887	0.7000000000
0.5049204271	0.7000000000
0.5021202214	0.7000000000
0.5007622886	0.7000000000
0.4949119169	0.7000000000
0.4286079683	0.7000000000
0.4946810079	0.7000000000
0.4963449855	0.7000000000
0.5090067573	0.7000000000
0.5404308756	0.7000000000
0.4935166394	0.7000000000
0.4839001173	0.7000000000
0.5416754401	0.7000000000
0.5712957928	0.7000000000
0.4919048640	0.7000000000
0.5931794102	0.7000000000
0.5456138200	0.7000000000
0.5434990735	0.7000000000
0.5000958659	0.7000000000
0.4775297701	0.7000000000
0.3259861441	0.7000000000
0.4093350248	0.7000000000
0.4113453005	0.7000000000
0.4437523669	0.7000000000
0.4471774566	0.7000000000
0.5219041090	0.7000000000
0.5630513405	0.7000000000
0.5079852448	0.7000000000
0.5059694656	0.7000000000
0.4823539452	0.7000000000
0.4664004682	0.7000000000
0.4810661665	0.7000000000
0.5022088247	0.7000000000
0.5104810489	0.7000000000
0.4247945634	0.7000000000
0.4992498493	0.7000000000
0.4430660047	0.7000000000
0.4318623625	0.7000000000
0.4736473259	0.7000000000
0.5575972324	0.7000000000
0.4473437404	0.7000000000
0.5060681483	0.7000000000
0.4743568121	0.7000000000
0.5303955711	0.7000000000
0.4697679737	0.7000000000
0.3793280178	0.7000000000
0.5227972664	0.7000000000
0.5689269995	0.7000000000
0.5096956230	0.7000000000
0.5376066716	0.7000000000
0.5139451187	0.7000000000
0.4495281883	0.7000000000
0.5634416489	0.7000000000
0.5376340461	0.7000000000
0.5108452423	0.7000000000
0.4701874442	0.7000000000
0.4817577198	0.7000000000
0.6175437088	0.7000000000
0.5892049758	0.7000000000
0.6312252319	0.7000000000
0.5986956696	0.7000000000
0.6278208430	0.7000000000
0.5317006309	0.7000000000
0.5592274808	0.7000000000
0.5725779511	0.7000000000
0.6004705966	0.7000000000
0.5976077166	0.7000000000
0.5820644553	0.7000000000
0.5966869814	0.7000000000
0.6199308187	0.7000000000
0.5667031278	0.7000000000
0.5238783395	0.7000000000
0.5975137071	0.7000000000
0.5597387391	0.7000000000
0.5649718145	0.7000000000
0.5460732925	0.7000000000
0.5750083905	0.7000000000
0.5821789978	0.7000000000
0.5462200266	0.7000000000
0.5390699518	0.7000000000
0.6050647485	0.7000000000
0.5822523110	0.7000000000
0.5979379285	0.7000000000
0.5653155177	0.7000000000
0.5413485367	0.7000000000
0.6042998712	0.7000000000
0.6288624525	0.7000000000
0.6561824076	0.7000000000
0.5481471765	0.7000000000
0.6117926691	0.7000000000
0.5627603367	0.7000000000
0.4933728420	0.7000000000
0.5676645679	0.7000000000
0.6583596917	0.7000000000
0.5550851339	0.7000000000
0.5827356945	0.7000000000
0.5445178674	0.7000000000
0.5672746974	0.7000000000
0.5900302815	0.7000000000
0.5494147576	0.7000000000
0.5921898924	0.7000000000
0.5621109887	0.7000000000
0.6417283250	0.7000000000
0.5652892357	0.7000000000
0.5819178898	0.7000000000
0.5229381070	0.7000000000
0.5844062394	0.7000000000
0.5958452682	0.7000000000
0.5702957154	0.7000000000
0.5954036221	0.7000000000
0.5587686488	0.7000000000
0.5963745932	0.7000000000
0.6101021398	0.7000000000
0.6316493781	0.7000000000
0.6480874693	0.7000000000
0.6478505916	0.7000000000
0.5768739877	0.7000000000
0.6060783385	0.7000000000
0.5748779697	0.7000000000
0.5692360973	0.7000000000
0.5508217222	0.7000000000
0.5748567409	0.7000000000
0.6277574305	0.7000000000
0.6077945041	0.7000000000
0.5748567409	0.7000000000
0.5280273801	0.7000000000
0.5748567409	0.7000000000
0.5591553351	0.7000000000
0.5729452404	0.7000000000
0.5795180359	0.7000000000
0.6011041784	0.7000000000
0.5939352432	0.7000000000
0.5193264651	0.7000000000
0.5417336727	0.7000000000
0.5469833214	0.7000000000
0.5881720698	0.7000000000
0.6276041934	0.7000000000
0.5910634694	0.7000000000
0.5877490072	0.7000000000
0.5470719566	0.7000000000
0.6086337421	0.7000000000
0.5937876876	0.7000000000
0.6230939592	0.7000000000
0.5621090693	0.7000000000
0.5746175428	0.7000000000
0.6195002061	0.7000000000
0.5610711637	0.7000000000
0.5897111404	0.7000000000
0.5981497080	0.7000000000
0.5856269513	0.7000000000
0.5766215609	0.7000000000
0.5598550188	0.7000000000
0.5807069006	0.7000000000
0.6126396879	0.7000000000
0.5870813405	0.7000000000
0.5605350040	0.7000000000
0.5544362177	0.7000000000
0.5195322070	0.7000000000
0.5669491122	0.7000000000
0.5626366997	0.7000000000
0.5523993454	0.7000000000
0.5659059918	0.7000000000
0.5605333607	0.7000000000
0.5917231260	0.7000000000
0.5723161549	0.7000000000
0.4515626801	0.7000000000
0.5151545782	0.7000000000
0.4805855996	0.7000000000
0.4950067915	0.7000000000
0.5525078390	0.8000000000
0.5363174688	0.8000000000
0.4904140384	0.8000000000
0.4683719473	0.8000000000
0.5393963903	0.8000000000
0.5343549494	0.8000000000
0.5826179013	0.8000000000
0.5305782688	0.8000000000
0.5374922067	0.8000000000
0.5985241692	0.8000000000
0.5319855446	0.8000000000
0.4773624338	0.8000000000
0.5470342115	0.8000000000
0.4780493483	0.8000000000
0.4914738082	0.8000000000
0.4916332804	0.8000000000
0.5538019775	0.8000000000
0.5403162610	0.8000000000
0.5538019775	0.8000000000
0.5058940360	0.8000000000
0.5839628155	0.8000000000
0.5404252899	0.8000000000
0.4951611058	0.8000000000
0.5158505369	0.8000000000
0.5875468047	0.8000000000
0.5044689448	0.8000000000
0.5225745640	0.8000000000
0.5669959237	0.8000000000
0.5304601001	0.8000000000
0.4757105706	0.8000000000
0.5082163379	0.8000000000
0.4799516728	0.8000000000
0.5216241092	0.8000000000
0.5194137581	0.8000000000
0.4528413097	0.8000000000
0.5000778154	0.8000000000
0.4681164244	0.8000000000
0.5426848809	0.8000000000
0.5024933242	0.8000000000
0.4839642360	0.8000000000
0.5244901967	0.8000000000
0.5546458978	0.8000000000
0.5496820004	0.8000000000
0.4946579643	0.8000000000
0.5287493765	0.8000000000
0.5359267067	0.8000000000
0.5575876944	0.8000000000
0.5271824748	0.8000000000
0.5423117789	0.8000000000
0.5762966423	0.8000000000
0.4706818396	0.8000000000
0.4704315454	0.8000000000
0.4761964898	0.8000000000
0.5040940655	0.8000000000
0.5471164747	0.8000000000
0.4922043440	0.8000000000
0.5509445180	0.8000000000
0.5067062299	0.8000000000
0.4971382902	0.8000000000
0.4695028238	0.8000000000
0.5590915875	0.8000000000
0.4585298630	0.8000000000
0.5430976584	0.8000000000
0.5669374177	0.8000000000
0.5389019331	0.8000000000
0.5011584050	0.8000000000
0.5789243554	0.8000000000
0.4546837361	0.8000000000
0.5385670816	0.8000000000
0.5494222521	0.8000000000
0.5264299136	0.8000000000
0.4535100020	0.8000000000
0.4999493676	0.8000000000
0.5249139522	0.8000000000
0.5106302119	0.8000000000
0.4702011912	0.8000000000
0.4748900851	0.8000000000
0.5722776547	0.8000000000
0.5079258871	0.8000000000
0.5169956072	0.8000000000
0.5640841027	0.8000000000
0.4629647682	0.8000000000
0.5157216937	0.8000000000
0.5258199758	0.8000000000
0.5152711644	0.8000000000
0.5119939207	0.8000000000
0.4874043256	0.8000000000
0.5317583470	0.8000000000
0.5173948362	0.8000000000
0.5545516907	0.8000000000
0.5364030486	0.8000000000
0.4620643248	0.8000000000
0.5368588181	0.8000000000
0.4755719982	0.8000000000
0.5240588841	0.8000000000
0.4504234621	0.8000000000
0.5473601652	0.8000000000
0.6242639726	0.8000000000
0.5809870625	0.8000000000
0.5696081106	0.8000000000
0.5718505527	0.8000000000
0.5928101926	0.8000000000
0.6288540408	0.8000000000
0.5628801033	0.8000000000
0.5942733648	0.8000000000
0.5827044078	0.8000000000
0.5766652790	0.8000000000
0.5928941385	0.8000000000
0.6205145684	0.8000000000
0.6170820564	0.8000000000
0.6182705178	0.8000000000
0.5776556556	0.8000000000
0.6694993254	0.8000000000
0.6104321673	0.8000000000
0.5793738974	0.8000000000
0.5671121385	0.8000000000
0.6162385603	0.8000000000
0.5425152653	0.8000000000
0.5907856217	0.8000000000
0.6529285925	0.8000000000
0.5523903419	0.8000000000
0.6487464556	0.8000000000
0.5702875458	0.8000000000
0.5678682865	0.8000000000
0.5879162877	0.8000000000
0.5727831703	0.8000000000
0.5546627509	0.8000000000
0.6192725974	0.8000000000
0.6151463670	0.8000000000
0.5898154452	0.8000000000
0.6039154962	0.8000000000
0.5802248117	0.8000000000
0.5562140689	0.8000000000
0.5665589722	0.8000000000
0.5895494307	0.8000000000
0.5814277005	0.8000000000
0.5300872052	0.8000000000
0.5920780528	0.8000000000
0.6050867725	0.8000000000
0.5990061521	0.8000000000
0.5693872329	0.8000000000
0.5782025106	0.8000000000
0.5995718800	0.8000000000
0.5916587530	0.8000000000
0.5814398662	0.8000000000
0.5775060669	0.8000000000
0.5808928494	0.8000000000
0.5363270548	0.8000000000
0.6015874038	0.8000000000
0.5982370243	0.8000000000
0.6050387932	0.8000000000
0.5708609334	0.8000000000
0.5294409855	0.8000000000
0.4797988180	0.8000000000
0.5260289081	0.9000000000
0.4718703582	0.9000000000
0.5094676338	0.9000000000
0.5522443262	0.9000000000
0.5315342832	0.9000000000
0.5433116295	0.9000000000
0.5570396078	0.9000000000
0.5570396078	0.9000000000
0.5108248400	0.9000000000
0.5108248400	0.9000000000
0.5329759151	0.9000000000
0.6104381769	0.9000000000
0.5319131174	0.9000000000
0.5535091770	0.9000000000
0.5449356234	0.9000000000
0.5429528164	0.9000000000
0.5386990829	0.9000000000
0.5308342298	0.9000000000
0.4905950639	0.9000000000
0.5413849286	0.9000000000
0.5525769907	0.9000000000
0.4771927031	0.9000000000
0.5217394098	0.9000000000
0.5967144548	0.9000000000
0.5685626078	0.9000000000
0.6060273557	0.9000000000
0.5552741808	0.9000000000
0.5566094310	0.9000000000
0.6598440664	0.9000000000
0.5607901225	0.9000000000
0.6107780573	0.9000000000
0.6191074384	0.9000000000
0.6107780573	0.9000000000
0.5364096214	0.9000000000
0.5676222995	0.9000000000
0.5511410246	0.9000000000
0.5437643166	0.9000000000
0.5809202020	0.9000000000
0.5704944395	0.9000000000
0.5578467827	0.9000000000
0.5588650436	0.9000000000
0.5877055445	0.9000000000
0.5875797504	0.9000000000
0.5615484603	0.9000000000
0.6038194537	0.9000000000
0.5660774579	0.9000000000
0.5855865803	0.9000000000
0.5471290452	0.9000000000
0.5411339469	0.9000000000
0.5560008239	0.9000000000
0.5216008421	0.9000000000
0.5483717640	0.9000000000
0.4481298971	0.0000000000
0.4816531908	0.0000000000
0.5017869077	0.0000000000
0.4763708810	0.0000000000
0.4381851562	0.1000000000
0.5105069826	0.1000000000
0.4938677112	0.1000000000
0.4418498654	0.1000000000
0.4952217671	0.1000000000
0.5326586053	0.1000000000
0.4602770966	0.2000000000
0.4715216746	0.2000000000
0.4610035016	0.2000000000
0.4581841600	0.2000000000
0.4965462592	0.2000000000
0.4742176788	0.2000000000
0.5668182395	0.2000000000
0.4803278202	0.2000000000
0.4489364173	0.2000000000
0.4998101238	0.2000000000
0.4616956895	0.2000000000
0.5139786390	0.2000000000
0.4461009959	0.2000000000
0.5045484354	0.2000000000
0.5225589566	0.2000000000
0.5075924535	0.2000000000
0.5327683711	0.2000000000
0.4738982770	0.2000000000
0.4250541358	0.2000000000
0.4851666393	0.2000000000
0.4906333962	0.3000000000
0.4547330894	0.3000000000
0.4403059378	0.3000000000
0.4664498583	0.3000000000
0.5041634428	0.3000000000
0.5301145254	0.3000000000
0.4776480514	0.3000000000
0.5216612653	0.3000000000
0.5255233488	0.3000000000
0.4778951202	0.3000000000
0.5041101675	0.3000000000
0.4358580331	0.3000000000
0.4938911210	0.3000000000
0.5085191156	0.3000000000
0.5006268768	0.3000000000
0.4773289843	0.3000000000
0.4880698355	0.3000000000
0.4747589702	0.3000000000
0.4573318422	0.3000000000
0.4401808429	0.3000000000
0.4948765098	0.3000000000
0.4846416427	0.3000000000
0.5377294808	0.3000000000
0.5070587117	0.3000000000
0.4209114030	0.3000000000
0.5045990539	0.3000000000
0.5045990539	0.3000000000
0.5185738525	0.3000000000
0.5411361999	0.3000000000
0.5703458543	0.3000000000
0.5750189492	0.3000000000
0.4888430457	0.3000000000
0.5082145617	0.3000000000
0.4919268781	0.3000000000
0.5565152706	0.3000000000
0.5205036486	0.3000000000
0.4762532948	0.3000000000
0.4948037392	0.3000000000
0.4822683442	0.3000000000
0.5234227834	0.3000000000
0.4931159979	0.3000000000
0.4940042748	0.3000000000
0.5215839274	0.3000000000
0.5012858713	0.3000000000
0.5728218555	0.3000000000
0.5285819824	0.3000000000
0.4965269879	0.3000000000
0.5235163657	0.3000000000
0.4553616974	0.4000000000
0.4763772334	0.4000000000
0.5075038361	0.4000000000
0.4345045479	0.4000000000
0.4245633596	0.4000000000
0.5023136409	0.4000000000
0.4527902943	0.4000000000
0.4798405431	0.4000000000
0.4664120064	0.4000000000
0.5256254890	0.4000000000
0.5207215347	0.4000000000
0.4812957026	0.4000000000
0.5404566382	0.4000000000
0.4810149501	0.4000000000
0.4895905125	0.4000000000
0.5650110509	0.4000000000
0.4682840799	0.4000000000
0.5017955731	0.4000000000
0.4930835344	0.4000000000
0.5042910687	0.4000000000
0.4884870185	0.4000000000
0.5322591739	0.4000000000
0.4750207820	0.4000000000
0.4758611059	0.4000000000
0.4592807267	0.4000000000
0.5337286518	0.4000000000
0.4972359175	0.4000000000
0.4307453293	0.4000000000
0.5545412413	0.4000000000
0.5363619934	0.4000000000
0.4798403501	0.4000000000
0.4895638429	0.4000000000
0.5025564232	0.4000000000
0.5253814813	0.4000000000
0.4747313599	0.4000000000
0.5152643647	0.4000000000
0.4801131897	0.4000000000
0.5058060363	0.4000000000
0.4851640351	0.4000000000
0.4449853714	0.4000000000
0.4231787914	0.4000000000
0.4957243167	0.4000000000
0.4953091912	0.4000000000
0.4833624369	0.4000000000
0.4975497660	0.4000000000
0.5032286934	0.4000000000
0.4709076796	0.4000000000
0.4997113610	0.4000000000
0.5930116605	0.4000000000
0.5400347867	0.4000000000
0.4880065797	0.4000000000
0.4915665053	0.4000000000
0.6178908047	0.4000000000
0.5415187754	0.4000000000
0.4931075031	0.4000000000
0.4663438180	0.4000000000
0.4827218594	0.4000000000
0.4954467070	0.4000000000
0.5238665919	0.4000000000
0.4747272112	0.4000000000
0.4747213779	0.4000000000
0.4985280830	0.4000000000
0.4550966329	0.4000000000
0.4967794671	0.4000000000
0.4440848912	0.4000000000
0.4976513274	0.4000000000
0.5029226576	0.4000000000
0.4608595366	0.4000000000
0.4655340444	0.4000000000
0.4606006015	0.4000000000
0.4945035172	0.4000000000
0.5007580779	0.4000000000
0.4937796328	0.4000000000
0.5007114727	0.4000000000
0.5274780837	0.4000000000
0.4754569080	0.4000000000
0.5102999256	0.4000000000
0.4972669180	0.4000000000
0.4539610198	0.5000000000
0.4519086301	0.5000000000
0.4393360319	0.5000000000
0.4947557706	0.5000000000
0.4981645511	0.5000000000
0.4384460536	0.5000000000
0.4940794824	0.5000000000
0.5152180276	0.5000000000
0.4479648021	0.5000000000
0.4304975414	0.5000000000
0.4662402679	0.5000000000
0.4601320563	0.5000000000
0.4545168163	0.5000000000
0.4280739518	0.5000000000
0.5163060772	0.5000000000
0.4971649763	0.5000000000
0.5448952055	0.5000000000
0.5077245637	0.5000000000
0.4384639192	0.5000000000
0.5588831243	0.5000000000
0.5057868443	0.5000000000
0.5200703682	0.5000000000
0.4504734869	0.5000000000
0.5626549639	0.5000000000
0.4837637088	0.5000000000
0.5003078901	0.5000000000
0.4714509286	0.5000000000
0.5130461925	0.5000000000
0.5212142369	0.5000000000
0.5034089320	0.5000000000
0.4633867162	0.5000000000
0.5769925007	0.5000000000
0.4667204317	0.5000000000
0.5219999498	0.5000000000
0.5066370492	0.5000000000
0.4881249549	0.5000000000
0.5542338941	0.5000000000
0.4894427548	0.5000000000
0.4854693593	0.5000000000
0.4689395913	0.5000000000
0.5092827412	0.5000000000
0.5010384689	0.5000000000
0.4520216125	0.5000000000
0.5396392477	0.5000000000
0.5491186747	0.5000000000
0.5188390773	0.5000000000
0.4743667796	0.5000000000
0.5074598334	0.5000000000
0.5300681322	0.5000000000
0.5834959389	0.5000000000
0.5604112211	0.5000000000
0.5146518329	0.5000000000
0.4963913375	0.5000000000
0.4540916419	0.5000000000
0.5245111088	0.5000000000
0.5386355595	0.5000000000
0.4623094506	0.5000000000
0.5357182262	0.5000000000
0.4664392702	0.5000000000
0.5238432972	0.5000000000
0.5285832118	0.5000000000
0.5863502872	0.5000000000
0.4482369466	0.5000000000
0.5229841168	0.5000000000
0.5080842558	0.5000000000
0.4732503130	0.5000000000
0.5528299949	0.5000000000
0.4830720445	0.5000000000
0.4817609857	0.5000000000
0.4942210646	0.5000000000
0.4744358222	0.5000000000
0.5257288269	0.5000000000
0.5162073106	0.5000000000
0.5048749342	0.5000000000
0.4833047518	0.5000000000
0.4815707487	0.5000000000
0.4667602480	0.5000000000
0.5397963875	0.5000000000
0.4891576083	0.5000000000
0.5239625065	0.5000000000
0.5388032496	0.5000000000
0.5022770894	0.5000000000
0.5372604171	0.5000000000
0.4929876351	0.5000000000
0.5463395262	0.5000000000
0.5300245704	0.5000000000
0.4601365328	0.5000000000
0.5081866577	0.5000000000
0.5281561575	0.5000000000
0.5079226196	0.5000000000
0.4553153650	0.5000000000
0.4689221932	0.5000000000
0.4720230304	0.5000000000
0.4745325019	0.5000000000
0.5265851153	0.5000000000
0.5702581960	0.5000000000
0.4691815383	0.5000000000
0.4834354381	0.5000000000
0.5088268006	0.5000000000
0.5373619704	0.5000000000
0.4834664310	0.5000000000
0.5289051966	0.5000000000
0.4704273639	0.5000000000
0.4935342483	0.5000000000
0.5711706269	0.5000000000
0.4571928259	0.5000000000
0.5872516461	0.5000000000
0.5014688798	0.5000000000
0.5606404428	0.5000000000
0.4975800355	0.5000000000
0.5560061924	0.5000000000
0.5214887200	0.5000000000
0.5052611484	0.5000000000
0.4681727838	0.5000000000
0.4937160113	0.5000000000
0.5107090403	0.5000000000
0.5177568472	0.6000000000
0.4980022898	0.6000000000
0.4939978531	0.6000000000
0.5185337827	0.6000000000
0.4693763114	0.6000000000
0.4996082291	0.6000000000
0.5333605480	0.6000000000
0.4980156022	0.6000000000
0.5130408606	0.6000000000
0.5034603888	0.6000000000
0.5230999957	0.6000000000
0.4695711261	0.6000000000
0.4734731182	0.6000000000
0.5396610680	0.6000000000
0.4864015214	0.6000000000
0.4807851113	0.6000000000
0.4220862801	0.6000000000
0.4986118429	0.6000000000
0.5017604255	0.6000000000
0.4589507514	0.6000000000
0.5232639163	0.6000000000
0.4907044991	0.6000000000
0.4776787438	0.6000000000
0.4699742835	0.6000000000
0.5563496595	0.6000000000
0.5366414935	0.6000000000
0.5208804240	0.6000000000
0.4758660428	0.6000000000
0.4847814084	0.6000000000
0.5009955626	0.6000000000
0.5111033063	0.6000000000
0.5567684585	0.6000000000
0.5013733782	0.6000000000
0.5719157811	0.6000000000
0.5279295801	0.6000000000
0.5026466939	0.6000000000
0.4328303296	0.6000000000
0.4793246094	0.6000000000
0.4682396356	0.6000000000
0.5352123201	0.6000000000
0.4804906371	0.6000000000
0.4688148597	0.6000000000
0.4687445709	0.6000000000
0.5204060116	0.6000000000
0.5070430058	0.6000000000
0.4982755882	0.6000000000
0.4400514385	0.6000000000
0.5473406106	0.6000000000
0.5107374729	0.6000000000
0.5126885163	0.6000000000
0.4621791568	0.6000000000
0.5815298493	0.6000000000
0.5532450111	0.6000000000
0.5330483498	0.6000000000
0.4517817145	0.6000000000
0.5677968091	0.6000000000
0.5256219608	0.6000000000
0.5173209852	0.6000000000
0.4986537630	0.6000000000
0.5040898414	0.6000000000
0.4935262141	0.6000000000
0.5204642932	0.6000000000
0.5391095095	0.6000000000
0.5451379619	0.6000000000
0.4706416836	0.6000000000
0.4499152300	0.6000000000
0.4616180632	0.6000000000
0.4931369860	0.6000000000
0.5763353736	0.6000000000
0.4497019467	0.6000000000
0.6228255569	0.6000000000
0.5088291441	0.6000000000
0.5150577717	0.6000000000
0.4897532596	0.6000000000
0.4662239735	0.6000000000
0.5505471387	0.6000000000
0.5270265895	0.6000000000
0.4797551805	0.6000000000
0.5559997033	0.6000000000
0.4687184406	0.6000000000
0.4682775440	0.6000000000
0.4974489751	0.6000000000
0.5142326734	0.6000000000
0.4825598225	0.6000000000
0.4645979650	0.6000000000
0.5160206372	0.6000000000
0.5488347622	0.6000000000
0.4512803867	0.6000000000
0.5264096915	0.6000000000
0.5131945473	0.6000000000
0.4419688999	0.6000000000
0.5781714093	0.6000000000
0.5229356736	0.6000000000
0.4622317995	0.6000000000
0.5150236325	0.6000000000
0.5130924141	0.6000000000
0.4941179802	0.6000000000
0.5026167077	0.6000000000
0.4952164081	0.6000000000
0.4722134181	0.6000000000
0.5019108254	0.6000000000
0.4899626040	0.6000000000
0.5214759968	0.6000000000
0.4343500969	0.6000000000
0.5420672283	0.6000000000
0.5355489724	0.6000000000
0.5803068509	0.6000000000
0.4967911089	0.6000000000
0.5861922541	0.6000000000
0.4991365130	0.6000000000
0.4685913200	0.6000000000
0.4803095086	0.6000000000
0.4606434385	0.6000000000
0.4619547417	0.6000000000
0.4970246407	0.6000000000
0.5332703864	0.6000000000
0.5893587452	0.6000000000
0.4953655146	0.6000000000
0.5583983598	0.6000000000
0.5125822466	0.6000000000
0.5020569762	0.6000000000
0.5039301363	0.6000000000
0.4261348238	0.6000000000
0.5163003515	0.6000000000
0.4673503716	0.6000000000
0.5232803673	0.6000000000
0.4621449323	0.6000000000
0.4410680056	0.6000000000
0.5565906732	0.6000000000
0.6099730904	0.6000000000
0.5091718166	0.6000000000
0.4913600388	0.7000000000
0.5307945699	0.7000000000
0.5519723464	0.7000000000
0.5213896775	0.7000000000
0.5225736132	0.7000000000
0.5375627376	0.7000000000
0.5156361853	0.7000000000
0.4916855891	0.7000000000
0.5348801506	0.7000000000
0.5116104544	0.7000000000
0.4859973950	0.7000000000
0.4990172610	0.7000000000
0.4718118837	0.7000000000
0.5128152147	0.7000000000
0.5089316624	0.7000000000
0.5077123948	0.7000000000
0.5256741806	0.7000000000
0.4862285243	0.7000000000
0.5207767285	0.7000000000
0.4615326906	0.7000000000
0.5312146998	0.7000000000
0.5162523036	0.7000000000
0.4698833922	0.7000000000
0.4814963334	0.7000000000
0.5257119606	0.7000000000
0.4571758298	0.7000000000
0.5172621538	0.7000000000
0.4831180997	0.7000000000
0.4760627712	0.7000000000
0.4977918982	0.7000000000
0.4937390114	0.7000000000
0.4838671339	0.7000000000
0.5351908441	0.7000000000
0.5073493812	0.7000000000
0.4957830371	0.7000000000
0.5072034985	0.7000000000
0.4732496264	0.7000000000
0.5232580590	0.7000000000
0.4911217013	0.7000000000
0.5695696526	0.7000000000
0.4764331831	0.7000000000
0.5263072931	0.7000000000
0.5472254244	0.7000000000
0.5306373589	0.7000000000
0.5351338151	0.7000000000
0.5186197833	0.7000000000
0.5137158233	0.7000000000
0.4676577065	0.7000000000
0.4836045701	0.7000000000
0.5352646543	0.7000000000
0.5108775169	0.7000000000
0.4816097317	0.7000000000
0.4877189034	0.7000000000
0.5359079931	0.7000000000
0.5375306022	0.7000000000
0.4928914061	0.7000000000
0.4541735811	0.7000000000
0.4624771281	0.7000000000
0.4966934038	0.7000000000
0.5280533916	0.7000000000
0.5545878167	0.7000000000
0.4645031407	0.7000000000
0.5586621302	0.7000000000
0.5077523774	0.7000000000
0.5142140760	0.7000000000
0.5046295160	0.7000000000
0.5160742416	0.7000000000
0.5424751566	0.7000000000
0.5096834186	0.7000000000
0.5254551132	0.7000000000
0.5022115825	0.7000000000
0.4256033819	0.7000000000
0.4813632709	0.7000000000
0.4648366593	0.7000000000
0.5086634356	0.7000000000
0.5773587819	0.7000000000
0.5274596371	0.7000000000
0.5084666509	0.7000000000
0.4884253849	0.7000000000
0.5046193511	0.7000000000
0.5523706630	0.7000000000
0.5068291619	0.7000000000
0.6617507596	0.7000000000
0.5460789221	0.7000000000
0.5251814643	0.7000000000
0.4953074638	0.7000000000
0.5468389178	0.7000000000
0.4946158053	0.7000000000
0.5017662592	0.7000000000
0.5552097843	0.7000000000
0.5071301194	0.7000000000
0.5144974620	0.7000000000
0.5497003431	0.7000000000
0.5275132518	0.7000000000
0.5040434506	0.7000000000
0.5609645508	0.7000000000
0.5487391209	0.7000000000
0.4251827762	0.7000000000
0.5290387287	0.7000000000
0.4924200231	0.7000000000
0.4439617830	0.7000000000
0.6031682747	0.8000000000
0.5025440477	0.8000000000
0.4472091753	0.8000000000
0.4797919189	0.8000000000
0.5465267637	0.8000000000
0.5632858348	0.8000000000
0.5942230572	0.8000000000
0.4753481919	0.8000000000
0.5182031238	0.8000000000
0.4862862149	0.8000000000
0.4933744328	0.8000000000
0.4778062161	0.8000000000
0.5520018063	0.8000000000
0.4925899539	0.8000000000
0.4919482359	0.8000000000
0.6035789944	0.8000000000
0.5143315003	0.8000000000
0.6047486312	0.8000000000
0.5792378036	0.8000000000
0.5744508959	0.8000000000
0.5427833352	0.8000000000
0.4808890930	0.8000000000
0.4991842865	0.8000000000
0.5167341833	0.8000000000
0.5246705402	0.8000000000
0.5381968390	0.8000000000
0.5133517432	0.8000000000
0.5899725662	0.8000000000
0.4710865519	0.8000000000
0.5546782206	0.8000000000
0.5256028955	0.8000000000
0.4690288441	0.8000000000
0.5412187633	0.8000000000
0.5227040077	0.8000000000
0.5100235951	0.8000000000
0.5662285916	0.8000000000
0.5599439399	0.8000000000
0.5028999475	0.8000000000
0.4770817075	0.8000000000
0.5291001741	0.8000000000
0.5790997860	0.8000000000
0.5468785225	0.8000000000
0.4424060876	0.8000000000
0.5027427844	0.8000000000
0.4902341850	0.8000000000
0.5389070278	0.8000000000
0.4847936994	0.8000000000
0.4650427061	0.8000000000
0.5191482211	0.8000000000
0.5050815745	0.8000000000
0.5633183603	0.8000000000
0.5673878982	0.8000000000
0.5962380702	0.8000000000
0.5208414071	0.8000000000
0.5088479470	0.8000000000
0.4716208996	0.8000000000
0.5311116097	0.8000000000
0.5168849344	0.8000000000
0.5248223784	0.8000000000
0.5544379863	0.8000000000
0.5548610910	0.9000000000
0.5141131037	0.9000000000
0.5607710013	0.9000000000
0.5404771365	0.9000000000
0.5301508998	0.9000000000
0.4431384362	0.9000000000
0.4843430886	0.9000000000
0.5139591478	0.9000000000
0.4969282720	0.9000000000
0.4966939606	0.9000000000
0.5694429432	0.9000000000
0.5198200388	0.9000000000
0.5716917991	0.9000000000
0.5977749729	0.9000000000
0.5303918715	0.9000000000
0.6456322155	0.9000000000
0.4824398716	0.9000000000
0.5222927558	0.9000000000
0.5222927558	0.9000000000
0.5022355798	0.9000000000
0.5000397819	0.9000000000
0.4776412308	0.9000000000
0.5355417200	0.9000000000
0.5606761670	0.9000000000
0.6440813770	0.9000000000
0.4935925731	0.9000000000
0.5926960240	0.9000000000
0.5829174808	0.9000000000
0.4904285106	0.9000000000
0.5147559643	0.9000000000
0.5561815254	0.9000000000
0.6016172156	0.9000000000
0.5712808944	0.9000000000
0.5548099771	0.9000000000
0.4590563988	0.9000000000
0.5184370118	0.9000000000
0.5959091518	0.9000000000
0.5258263324	1.0000000000
0.5483275372	1.0000000000
0.5702379493	1.0000000000
0.5490840474	1.0000000000
0.6335013986	1.0000000000
0.4780224243	1.0000000000
0.5165225375	1.0000000000
0.6075100467	1.0000000000
0.5286568033	1.0000000000
0.5756581136	1.0000000000
0.5427885103	1.0000000000
0.5122928519	0.0500000000
0.4528129138	0.0500000000
0.4744767393	0.0500000000
0.5056687232	0.0900000000
0.5025810443	0.1000000000
0.5016758458	0.1000000000
0.4681388728	0.1000000000
0.4984730607	0.1000000000
0.5272405786	0.1000000000
0.5195546688	0.1000000000
0.5052751926	0.1100000000
0.5250393780	0.1400000000
0.4487483777	0.1600000000
0.4442526886	0.1700000000
0.5228407622	0.1800000000
0.4566343457	0.1800000000
0.5160046321	0.2000000000
0.5807472445	0.2000000000
0.5003587321	0.2000000000
0.5180516797	0.2000000000
0.4876076277	0.2000000000
0.4638903445	0.2000000000
0.4923167464	0.2000000000
0.5441627612	0.2000000000
0.4671289265	0.2000000000
0.4429503484	0.2200000000
0.4448004749	0.2500000000
0.4817635862	0.2500000000
0.4684271140	0.2500000000
0.4993274336	0.2500000000
0.5567877830	0.2500000000
0.4742190642	0.2500000000
0.4846226237	0.2700000000
0.4620649104	0.2800000000
0.5354333131	0.2800000000
0.4644946175	0.2900000000
0.4582752458	0.2900000000
0.5541037915	0.2900000000
0.4357484706	0.3000000000
0.4569471466	0.3000000000
0.5215917771	0.3000000000
0.5214875379	0.3000000000
0.4905150095	0.3000000000
0.4628261186	0.3000000000
0.4557384192	0.3000000000
0.5387963372	0.3000000000
0.4633774501	0.3000000000
0.5198068714	0.3000000000
0.5072957033	0.3000000000
0.4715291187	0.3000000000
0.4885104960	0.3000000000
0.5016393634	0.3000000000
0.4854131398	0.3000000000
0.4210947856	0.3000000000
0.5036020771	0.3000000000
0.4862754548	0.3000000000
0.5475735324	0.3000000000
0.4953935482	0.3100000000
0.4861279019	0.3100000000
0.4924336011	0.3100000000
0.4833877226	0.3100000000
0.5003364497	0.3100000000
0.5201648683	0.3200000000
0.5080324406	0.3300000000
0.4698544043	0.3300000000
0.5246811413	0.3300000000
0.4918619504	0.3300000000
0.5354748664	0.3300000000
0.4633612279	0.3400000000
0.5142141206	0.3500000000
0.4721487409	0.3500000000
0.5086725329	0.3500000000
0.4968197824	0.3500000000
0.4803482831	0.3500000000
0.4881028242	0.3500000000
0.4986194295	0.3500000000
0.4855723778	0.3500000000
0.4806073155	0.3500000000
0.5093846795	0.3500000000
0.4735486974	0.3500000000
0.4541929764	0.3500000000
0.5140044813	0.3500000000
0.5308370038	0.3500000000
0.5074235595	0.3600000000
0.4940895314	0.3600000000
0.5600200998	0.3700000000
0.5067959231	0.3800000000
0.5112781208	0.3800000000
0.5420972948	0.3800000000
0.4855864780	0.3800000000
0.4988300630	0.3800000000
0.4654237577	0.3800000000
0.5330503079	0.3900000000
0.5153585535	0.3900000000
0.4989445624	0.4000000000
0.5040891392	0.4000000000
0.5292519688	0.4000000000
0.5058083806	0.4000000000
0.5206784521	0.4000000000
0.5099350060	0.4000000000
0.4805064735	0.4000000000
0.4732077872	0.4000000000
0.5262926653	0.4000000000
0.4658676087	0.4000000000
0.4957252322	0.4000000000
0.5280070011	0.4000000000
0.4736960184	0.4000000000
0.4765031862	0.4000000000
0.4587528593	0.4000000000
0.5282414805	0.4000000000
0.4642106292	0.4000000000
0.4909272688	0.4000000000
0.4817843635	0.4000000000
0.5499267886	0.4000000000
0.5380755811	0.4000000000
0.5164017647	0.4000000000
0.5296905764	0.4000000000
0.4963576721	0.4000000000
0.4840932387	0.4000000000
0.5032359161	0.4000000000
0.5027879714	0.4000000000
0.5455223111	0.4000000000
0.4707559790	0.4000000000
0.5449095136	0.4000000000
0.4747972164	0.4000000000
0.5057125973	0.4000000000
0.5950775332	0.4000000000
0.4878247900	0.4000000000
0.5347026118	0.4000000000
0.4858791104	0.4000000000
0.4536463012	0.4000000000
0.5198155070	0.4000000000
0.5105188972	0.4000000000
0.4799155292	0.4100000000
0.4901027696	0.4100000000
0.4362519593	0.4100000000
0.5111369853	0.4200000000
0.4933942703	0.4200000000
0.5128818174	0.4200000000
0.4632963381	0.4300000000
0.5247940720	0.4300000000
0.4837546070	0.4300000000
0.5151903522	0.4400000000
0.5096338632	0.4400000000
0.5168556716	0.4400000000
0.4646181593	0.4400000000
0.5333917412	0.4400000000
0.5039748085	0.4400000000
0.5238781343	0.4500000000
0.4493481379	0.4500000000
0.5064029960	0.4500000000
0.5389916338	0.4500000000
0.4730466784	0.4500000000
0.4556430217	0.4500000000
0.5167772111	0.4500000000
0.5516057063	0.4500000000
0.4783182464	0.4500000000
0.5254393369	0.4500000000
0.5217146771	0.4500000000
0.5025984368	0.4600000000
0.5271455544	0.4600000000
0.4594109064	0.4600000000
0.4729984931	0.4700000000
0.5383008951	0.4700000000
0.5765662270	0.4700000000
0.5004466768	0.4800000000
0.4871397641	0.4800000000
0.4845735710	0.4800000000
0.5651124523	0.4800000000
0.4926478522	0.4900000000
0.5052660321	0.4900000000
0.4248194831	0.4900000000
0.5223928931	0.5000000000
0.5041978120	0.5000000000
0.5279599456	0.5000000000
0.4983350844	0.5000000000
0.4928538000	0.5000000000
0.4697660232	0.5000000000
0.4669348535	0.5000000000
0.5296492670	0.5000000000
0.4869359790	0.5000000000
0.5037713079	0.5000000000
0.5150879872	0.5000000000
0.5013104621	0.5000000000
0.4683200723	0.5000000000
0.5125497675	0.5000000000
0.5268760497	0.5000000000
0.5148474216	0.5000000000
0.5500606011	0.5000000000
0.4758171150	0.5000000000
0.5266255438	0.5000000000
0.4995720144	0.5000000000
0.5155122078	0.5000000000
0.5395151815	0.5000000000
0.5391017608	0.5000000000
0.5303913997	0.5000000000
0.4593956881	0.5000000000
0.4990883431	0.5000000000
0.4479773805	0.5000000000
0.5117885481	0.5000000000
0.4745169649	0.5000000000
0.5571064974	0.5000000000
0.4829749774	0.5000000000
0.5454720406	0.5000000000
0.5498020779	0.5000000000
0.5282239683	0.5000000000
0.5055053464	0.5000000000
0.5544218962	0.5000000000
0.5503832528	0.5000000000
0.4712956339	0.5000000000
0.5207509330	0.5000000000
0.5163164291	0.5000000000
0.4984297487	0.5000000000
0.5116533477	0.5000000000
0.5503901877	0.5000000000
0.5322762298	0.5000000000
0.5201047336	0.5000000000
0.4812012446	0.5000000000
0.5170898326	0.5000000000
0.4892283855	0.5000000000
0.5444469475	0.5000000000
0.5322604283	0.5000000000
0.5208909871	0.5000000000
0.4964903749	0.5000000000
0.5011995098	0.5000000000
0.4898108303	0.5000000000
0.5186435700	0.5100000000
0.4710754602	0.5100000000
0.5237225757	0.5100000000
0.5010698097	0.5100000000
0.5227789405	0.5100000000
0.4922561136	0.5100000000
0.4889455064	0.5100000000
0.5435403722	0.5100000000
0.4315907617	0.5200000000
0.5052789625	0.5200000000
0.5364666223	0.5200000000
0.5031411764	0.5200000000
0.4860869252	0.5200000000
0.4966734207	0.5300000000
0.5389622145	0.5300000000
0.4785877666	0.5300000000
0.4932438622	0.5400000000
0.5450125555	0.5400000000
0.5149777472	0.5400000000
0.4523044675	0.5400000000
0.4833629094	0.5500000000
0.4855191760	0.5500000000
0.5051513082	0.5500000000
0.5265771455	0.5500000000
0.5236975801	0.5500000000
0.4839790503	0.5500000000
0.4780244948	0.5500000000
0.6180265401	0.5500000000
0.5280886209	0.5500000000
0.5200919371	0.5500000000
0.5028518563	0.5500000000
0.4907395111	0.5500000000
0.5444178113	0.5500000000
0.5145667323	0.5500000000
0.5271469355	0.5500000000
0.4840413075	0.5500000000
0.5250662028	0.5500000000
0.5216520590	0.5500000000
0.4947495625	0.5500000000
0.5091282947	0.5500000000
0.4416255712	0.5500000000
0.5657628786	0.5500000000
0.4709991846	0.5500000000
0.4847821528	0.5500000000
0.4899114249	0.5500000000
0.5614350253	0.5500000000
0.5229712844	0.5500000000
0.6068138853	0.5500000000
0.5644449973	0.5500000000
0.5815297271	0.5500000000
0.5171897411	0.5600000000
0.5069309458	0.5600000000
0.5042010061	0.5600000000
0.4960347658	0.5600000000
0.5072058078	0.5600000000
0.5393252217	0.5600000000
0.4591123894	0.5700000000
0.5120802854	0.5700000000
0.5351306302	0.5700000000
0.5223726475	0.5700000000
0.5456378185	0.5700000000
0.5129112095	0.5800000000
0.4930265334	0.5800000000
0.5293056354	0.5800000000
0.4732996335	0.5800000000
0.5137992492	0.5800000000
0.5136615820	0.5800000000
0.5123477183	0.5800000000
0.5140401636	0.5800000000
0.5726243933	0.5800000000
0.4954955293	0.5800000000
0.5770018980	0.5900000000
0.5139189678	0.5900000000
0.5362057014	0.5900000000
0.5370893265	0.5900000000
0.5206808975	0.5900000000
0.6687204793	0.5900000000
0.5555885212	0.5900000000
0.5327216926	0.5900000000
0.5211583544	0.6000000000
0.4636682600	0.6000000000
0.5145366679	0.6000000000
0.5451802072	0.6000000000
0.5797306890	0.6000000000
0.5544724009	0.6000000000
0.5401204572	0.6000000000
0.5543227930	0.6000000000
0.4784554903	0.6000000000
0.5714978458	0.6000000000
0.5629041800	0.6000000000
0.5756280960	0.6000000000
0.5452898428	0.6000000000
0.5755311034	0.6000000000
0.5448808399	0.6000000000
0.5444526207	0.6000000000
0.4874842703	0.6000000000
0.4918549769	0.6000000000
0.5558813020	0.6000000000
0.5385932508	0.6000000000
0.4891676323	0.6000000000
0.5268929915	0.6000000000
0.5460937561	0.6000000000
0.5082348510	0.6000000000
0.5158922133	0.6000000000
0.5247011817	0.6000000000
0.5486845341	0.6000000000
0.5353419273	0.6000000000
0.5199426358	0.6000000000
0.4801814010	0.6000000000
0.5322899397	0.6000000000
0.5506657943	0.6000000000
0.5613385237	0.6000000000
0.4669091733	0.6000000000
0.5757140261	0.6000000000
0.4855378255	0.6000000000
0.5493880967	0.6000000000
0.5113175199	0.6000000000
0.5828183355	0.6000000000
0.5052477493	0.6000000000
0.5007222952	0.6000000000
0.5037826622	0.6000000000
0.5263141992	0.6000000000
0.5319462838	0.6000000000
0.5132632016	0.6000000000
0.4976492885	0.6000000000
0.6167604973	0.6000000000
0.5549177099	0.6000000000
0.5044705191	0.6000000000
0.5744829627	0.6000000000
0.5513238589	0.6000000000
0.5164292387	0.6000000000
0.4975341638	0.6000000000
0.5760529633	0.6000000000
0.4661157098	0.6000000000
0.5134066387	0.6000000000
0.4849241928	0.6000000000
0.4892115924	0.6000000000
0.4924230243	0.6000000000
0.4880769821	0.6000000000
0.5022214849	0.6000000000
0.5691177313	0.6000000000
0.4907158288	0.6000000000
0.5483816732	0.6000000000
0.5025365996	0.6000000000
0.6140640126	0.6000000000
0.5367587772	0.6000000000
0.5057635768	0.6000000000
0.5326060199	0.6000000000
0.5030170699	0.6000000000
0.4917677958	0.6000000000
0.5519443045	0.6000000000
0.6101080199	0.6000000000
0.5157308544	0.6000000000
0.5576353687	0.6000000000
0.4440847194	0.6000000000
0.5184580833	0.6000000000
0.5413335109	0.6000000000
0.5329126986	0.6000000000
0.5675195018	0.6000000000
0.5562781824	0.6000000000
0.5255805187	0.6000000000
0.5429172916	0.6000000000
0.5890135805	0.6000000000
0.5436383541	0.6000000000
0.4883142807	0.6000000000
0.5787632963	0.6100000000
0.5035846298	0.6100000000
0.5129644983	0.6100000000
0.5237302775	0.6100000000
0.5154114692	0.6100000000
0.5419980574	0.6100000000
0.5307381406	0.6100000000
0.4858557714	0.6100000000
0.5022063614	0.6100000000
0.5200856464	0.6100000000
0.4925504853	0.6200000000
0.5413718176	0.6200000000
0.5247530695	0.6200000000
0.5401009969	0.6200000000
0.5549784339	0.6200000000
0.4985024748	0.6300000000
0.5118528079	0.6300000000
0.4692482498	0.6300000000
0.5373968079	0.6300000000
0.6059330322	0.6300000000
0.4946236717	0.6300000000
0.5417331950	0.6300000000
0.5232040987	0.6300000000
0.5186428036	0.6300000000
0.5033125487	0.6300000000
0.5448110247	0.6400000000
0.4971558619	0.6400000000
0.5175453930	0.6400000000
0.4884179809	0.6400000000
0.5391491325	0.6500000000
0.5208515317	0.6500000000
0.5901950543	0.6500000000
0.5264115852	0.6500000000
0.4936986302	0.6500000000
0.5169924077	0.6500000000
0.5422081245	0.6500000000
0.5162158101	0.6500000000
0.5695497285	0.6500000000
0.4794439307	0.6500000000
0.5544006925	0.6500000000
0.5407741450	0.6500000000
0.5427205054	0.6500000000
0.5168442701	0.6500000000
0.5392986934	0.6500000000
0.5635203480	0.6500000000
0.4732758329	0.6500000000
0.5448688283	0.6500000000
0.5535080110	0.6500000000
0.5406467531	0.6500000000
0.5050353921	0.6500000000
0.5333766686	0.6500000000
0.5636480824	0.6500000000
0.4941450483	0.6500000000
0.5178609726	0.6500000000
0.5283014582	0.6500000000
0.5244792230	0.6500000000
0.5537961229	0.6500000000
0.6052992650	0.6500000000
0.5099210589	0.6500000000
0.4927113536	0.6500000000
0.5202831191	0.6500000000
0.5064180979	0.6500000000
0.5292051374	0.6500000000
0.5017989169	0.6500000000
0.4613095946	0.6600000000
0.5839915889	0.6600000000
0.5227587976	0.6600000000
0.5344025178	0.6600000000
0.5160852540	0.6600000000
0.5441901115	0.6600000000
0.5725537477	0.6600000000
0.5064244108	0.6600000000
0.5074396440	0.6600000000
0.5064146526	0.6700000000
0.4858072360	0.6700000000
0.6125149516	0.6700000000
0.5370653572	0.6700000000
0.4452977783	0.6700000000
0.5834860033	0.6800000000
0.4656311407	0.6800000000
0.5055549834	0.6800000000
0.6133360480	0.6800000000
0.6170036604	0.6800000000
0.6492197516	0.6800000000
0.5157864688	0.6900000000
0.5545202366	0.6900000000
0.5023826100	0.6900000000
0.5608492968	0.6900000000
0.5736594632	0.6900000000
0.5620371599	0.6900000000
0.5295178293	0.6900000000
0.5057410319	0.6900000000
0.6620119750	0.7000000000
0.5563602047	0.7000000000
0.4983370643	0.7000000000
0.5744258154	0.7000000000
0.6037992090	0.7000000000
0.6822841315	0.7000000000
0.5180534306	0.7000000000
0.5885195546	0.7000000000
0.5737150244	0.7000000000
0.5628687432	0.7000000000
0.5812584079	0.7000000000
0.5599211048	0.7000000000
0.4867394958	0.7000000000
0.5260139238	0.7000000000
0.5699914978	0.7000000000
0.5108839012	0.7000000000
0.5272751432	0.7000000000
0.5247361909	0.7000000000
0.6046177253	0.7000000000
0.5261616591	0.7000000000
0.4961668466	0.7000000000
0.5518972031	0.7000000000
0.5692736903	0.7000000000
0.5700174303	0.7000000000
0.6962817061	0.7000000000
0.5396156236	0.7000000000
0.6183320148	0.7000000000
0.4840019548	0.7000000000
0.6246265449	0.7000000000
0.5065790113	0.7000000000
0.5869099187	0.7000000000
0.5395272609	0.7000000000
0.4842741335	0.7000000000
0.5339978265	0.7000000000
0.5434824992	0.7000000000
0.5268245038	0.7000000000
0.4980040910	0.7000000000
0.5563283678	0.7000000000
0.5504836327	0.7000000000
0.5954349604	0.7000000000
0.6705550388	0.7000000000
0.5070583765	0.7000000000
0.5698432434	0.7000000000
0.6020930553	0.7000000000
0.5914720969	0.7000000000
0.4880857586	0.7000000000
0.5409804970	0.7000000000
0.6467892671	0.7000000000
0.5490466610	0.7000000000
0.5008303070	0.7000000000
0.5577002300	0.7000000000
0.5190137061	0.7000000000
0.5587876867	0.7000000000
0.5634576572	0.7000000000
0.5055092622	0.7000000000
0.5406919152	0.7000000000
0.5471243036	0.7000000000
0.5228539503	0.7000000000
0.4986210401	0.7000000000
0.5256883351	0.7000000000
0.6348126073	0.7000000000
0.7239373714	0.7000000000
0.5467889165	0.7000000000
0.5311597026	0.7000000000
0.7072257739	0.7000000000
0.5593494232	0.7000000000
0.5456368977	0.7000000000
0.5655193276	0.7000000000
0.5216403977	0.7000000000
0.5797625957	0.7000000000
0.5244541006	0.7000000000
0.4701434312	0.7000000000
0.5499678626	0.7000000000
0.5786166038	0.7000000000
0.5649352601	0.7000000000
0.5156141819	0.7000000000
0.4789301805	0.7000000000
0.5196081176	0.7000000000
0.6069642632	0.7000000000
0.5018771772	0.7000000000
0.5370425432	0.7000000000
0.5586108740	0.7000000000
0.5548996035	0.7000000000
0.5379704464	0.7000000000
0.5872019391	0.7000000000
0.6541043817	0.7000000000
0.6108745737	0.7000000000
0.5512910152	0.7000000000
0.5435592575	0.7000000000
0.5510645832	0.7000000000
0.6158107556	0.7000000000
0.4640975550	0.7000000000
0.5467181135	0.7000000000
0.5820065861	0.7000000000
0.5474151622	0.7000000000
0.5367628147	0.7000000000
0.6303776716	0.7000000000
0.5395796174	0.7000000000
0.5805814800	0.7000000000
0.5380185894	0.7000000000
0.5104903587	0.7000000000
0.5462794877	0.7000000000
0.5659535151	0.7000000000
0.5097988993	0.7000000000
0.5662843523	0.7000000000
0.5783843939	0.7000000000
0.5999719593	0.7100000000
0.5526514664	0.7100000000
0.5128916536	0.7100000000
0.5927316386	0.7100000000
0.4921182069	0.7100000000
0.5758299676	0.7100000000
0.5755764919	0.7100000000
0.5261213416	0.7200000000
0.5032640831	0.7200000000
0.5733863423	0.7200000000
0.4976324424	0.7200000000
0.5353737789	0.7200000000
0.6080416082	0.7200000000
0.6606862817	0.7200000000
0.5761642136	0.7200000000
0.5581125868	0.7200000000
0.5174897943	0.7300000000
0.6183858118	0.7300000000
0.5496312307	0.7300000000
0.6370992615	0.7300000000
0.5648708263	0.7300000000
0.5303271088	0.7300000000
0.6213918117	0.7300000000
0.6738580935	0.7300000000
0.5589515857	0.7300000000
0.5867016614	0.7400000000
0.5179020624	0.7400000000
0.4978068436	0.7400000000
0.5225348924	0.7400000000
0.5403356017	0.7400000000
0.5677758501	0.7400000000
0.5572065507	0.7400000000
0.5443833365	0.7400000000
0.5181253722	0.7500000000
0.5212574342	0.7500000000
0.5345686001	0.7500000000
0.4864423439	0.7500000000
0.5457815117	0.7500000000
0.5169491752	0.7500000000
0.6002366884	0.7500000000
0.6381996073	0.7500000000
0.5656479000	0.7500000000
0.5440487156	0.7500000000
0.5374962456	0.7500000000
0.5827353364	0.7500000000
0.5224895233	0.7500000000
0.5115134992	0.7500000000
0.5717930738	0.7500000000
0.5810739964	0.7500000000
0.4753757423	0.7500000000
0.5084145660	0.7500000000
0.5377540025	0.7500000000
0.6891672195	0.7500000000
0.6007566663	0.7500000000
0.5160315311	0.7500000000
0.5731526151	0.7500000000
0.5484474807	0.7500000000
0.5232508523	0.7500000000
0.5470260235	0.7500000000
0.5409445471	0.7500000000
0.5457720374	0.7500000000
0.5050371649	0.7500000000
0.5183907440	0.7500000000
0.5344690814	0.7500000000
0.5412372487	0.7500000000
0.5478359500	0.7500000000
0.5256872192	0.7500000000
0.5588197592	0.7500000000
0.6377069697	0.7500000000
0.5067073481	0.7500000000
0.5207569340	0.7500000000
0.5464802347	0.7500000000
0.5863541508	0.7500000000
0.5551395208	0.7500000000
0.6387422259	0.7500000000
0.5579710922	0.7500000000
0.5568364356	0.7500000000
0.5441776226	0.7500000000
0.5737514512	0.7500000000
0.5295852380	0.7500000000
0.5660779367	0.7500000000
0.4925507839	0.7500000000
0.5438360634	0.7500000000
0.6145199569	0.7500000000
0.5288373509	0.7500000000
0.5772071290	0.7500000000
0.5945821513	0.7500000000
0.6882824512	0.7500000000
0.5387972056	0.7500000000
0.5422823595	0.7500000000
0.6183866150	0.7500000000
0.6261907102	0.7500000000
0.6057508316	0.7500000000
0.5397431478	0.7500000000
0.5387282184	0.7600000000
0.5736885959	0.7600000000
0.5137868597	0.7600000000
0.5392273375	0.7600000000
0.5424156350	0.7600000000
0.4968009037	0.7600000000
0.5127223802	0.7600000000
0.5125493405	0.7600000000
0.4817570506	0.7700000000
0.4934837870	0.7700000000
0.6140213906	0.7700000000
0.5695527333	0.7700000000
0.6375572327	0.7700000000
0.5427446302	0.7700000000
0.6107089930	0.7700000000
0.4974560518	0.7700000000
0.5795736798	0.7700000000
0.5447646787	0.7700000000
0.5403418208	0.7700000000
0.5488283636	0.7800000000
0.5894910272	0.7800000000
0.5313400015	0.7800000000
0.5678003972	0.7800000000
0.5633740478	0.7800000000
0.5370846381	0.7800000000
0.5327626661	0.7800000000
0.6311975488	0.7800000000
0.5836908922	0.7800000000
0.6038879647	0.7800000000
0.5443832137	0.7800000000
0.6224577149	0.7800000000
0.5614415088	0.7800000000
0.5134695776	0.7900000000
0.6037964602	0.7900000000
0.5465938006	0.7900000000
0.5316284148	0.7900000000
0.6664908631	0.7900000000
0.6436960203	0.7900000000
0.5874005654	0.7900000000
0.5569926089	0.7900000000
0.5524530414	0.7900000000
0.5568347922	0.7900000000
0.6021126181	0.7900000000
0.5157459583	0.7900000000
0.5372281688	0.7900000000
0.5113083830	0.7900000000
0.6803226136	0.7900000000
0.5428635926	0.7900000000
0.6353986847	0.7900000000
0.5632134811	0.7900000000
0.5611302090	0.8000000000
0.5801022660	0.8000000000
0.5906374745	0.8000000000
0.5498672763	0.8000000000
0.5638129295	0.8000000000
0.5336481419	0.8000000000
0.5821196222	0.8000000000
0.5555723184	0.8000000000
0.5789870141	0.8000000000
0.5571795288	0.8000000000
0.5654669959	0.8000000000
0.5514056416	0.8000000000
0.5427758751	0.8000000000
0.5524715204	0.8000000000
0.5689746911	0.8000000000
0.5771808020	0.8000000000
0.5312869518	0.8000000000
0.4950293154	0.8000000000
0.5018128133	0.8000000000
0.6048752549	0.8000000000
0.6074730092	0.8000000000
0.5488617841	0.8000000000
0.5613970638	0.8000000000
0.5998384455	0.8000000000
0.5478050024	0.8000000000
0.6208138189	0.8000000000
0.5576707157	0.8000000000
0.5647973326	0.8000000000
0.5701418665	0.8000000000
0.4871753522	0.8000000000
0.5474694486	0.8000000000
0.5474694486	0.8000000000
0.5163071869	0.8000000000
0.5356759771	0.8000000000
0.5861010220	0.8000000000
0.5556891111	0.8000000000
0.5923456155	0.8000000000
0.6929165456	0.8000000000
0.5480358263	0.8000000000
0.5396403299	0.8000000000
0.5756602406	0.8000000000
0.6395485315	0.8000000000
0.5442244847	0.8000000000
0.5856195727	0.8000000000
0.5659910309	0.8000000000
0.5880498246	0.8000000000
0.5984832408	0.8000000000
0.6114945151	0.8000000000
0.5260735607	0.8000000000
0.5559100130	0.8000000000
0.5464460417	0.8000000000
0.5091806317	0.8000000000
0.5617478122	0.8000000000
0.5211330949	0.8000000000
0.6041290855	0.8000000000
0.5384737015	0.8000000000
0.5298416579	0.8000000000
0.5957981831	0.8000000000
0.7209300369	0.8000000000
0.5894989560	0.8000000000
0.5780579868	0.8000000000
0.5792433962	0.8000000000
0.5445909478	0.8000000000
0.5987892874	0.8000000000
0.6202092677	0.8000000000
0.5271441839	0.8000000000
0.5502937949	0.8000000000
0.5803813730	0.8000000000
0.5432947944	0.8000000000
0.6243730405	0.8000000000
0.6460819353	0.8000000000
0.6660394607	0.8000000000
0.5584552391	0.8000000000
0.5966927119	0.8000000000
0.6105664955	0.8000000000
0.6485109586	0.8000000000
0.5743669939	0.8000000000
0.5058974480	0.8000000000
0.6092094265	0.8000000000
0.6071119239	0.8000000000
0.5413898951	0.8100000000
0.5402379157	0.8100000000
0.5593473836	0.8100000000
0.6048133236	0.8100000000
0.5162845960	0.8200000000
0.5414012120	0.8200000000
0.6171003376	0.8200000000
0.5476203024	0.8200000000
0.6222168113	0.8200000000
0.5675826497	0.8200000000
0.5038046626	0.8300000000
0.5520567091	0.8300000000
0.5128131053	0.8400000000
0.5586546393	0.8400000000
0.6180509860	0.8400000000
0.5626147730	0.8400000000
0.5467726407	0.8400000000
0.5921977078	0.8400000000
0.6154393984	0.8400000000
0.7019898753	0.8400000000
0.4785040915	0.8400000000
0.5091694049	0.8400000000
0.5150790554	0.8400000000
0.5612622775	0.8500000000
0.6324491770	0.8500000000
0.4620301138	0.8500000000
0.6549995307	0.8500000000
0.5663906144	0.8500000000
0.5802563391	0.8500000000
0.5645260490	0.8500000000
0.5085824328	0.8500000000
0.5580877165	0.8500000000
0.6150084055	0.8500000000
0.5629272734	0.8500000000
0.5841181774	0.8500000000
0.5583642466	0.8500000000
0.5823627716	0.8500000000
0.5221562478	0.8500000000
0.5804191345	0.8500000000
0.5970922945	0.8500000000
0.5844902456	0.8500000000
0.6154087639	0.8500000000
0.6432671300	0.8500000000
0.5975080369	0.8500000000
0.5691523169	0.8500000000
0.5212014585	0.8500000000
0.5358965869	0.8500000000
0.5640735310	0.8500000000
0.5110156704	0.8500000000
0.5997369304	0.8500000000
0.6027962778	0.8500000000
0.6084037961	0.8600000000
0.4744049954	0.8600000000
0.5918995920	0.8600000000
0.6276362044	0.8600000000
0.6439411012	0.8600000000
0.4708527196	0.8600000000
0.4880933259	0.8600000000
0.5529567793	0.8700000000
0.5647672474	0.8700000000
0.6459263865	0.8800000000
0.4782291283	0.8800000000
0.6770394700	0.8800000000
0.5650808512	0.8800000000
0.5501945709	0.8800000000
0.5404390233	0.8900000000
0.5827828873	0.8900000000
0.5560685506	0.8900000000
0.5763638578	0.8900000000
0.6441524335	0.8900000000
0.5169306457	0.8900000000
0.5767754053	0.9000000000
0.5598981160	0.9000000000
0.5121619805	0.9000000000
0.4822990468	0.9000000000
0.5759080955	0.9000000000
0.5601390839	0.9000000000
0.5505265571	0.9000000000
0.6054498767	0.9000000000
0.5745756935	0.9000000000
0.6033250759	0.9000000000
0.6118970913	0.9000000000
0.6747446361	0.9000000000
0.6534969042	0.9000000000
0.5897995572	0.9000000000
0.6098898615	0.9000000000
0.5184747129	0.9000000000
0.5945656052	0.9000000000
0.5817037354	0.9100000000
0.5563795481	0.9100000000
0.6086300871	0.9100000000
0.5510809287	0.9100000000
0.6172277623	0.9200000000
0.5768267163	0.9200000000
0.5318886659	0.9200000000
0.4765211484	0.9200000000
0.5816408277	0.9300000000
0.5586288770	0.9300000000
0.5287143911	0.9300000000
0.6287771434	0.9300000000
0.5897865322	0.9300000000
0.5102591913	0.9400000000
0.6094708572	0.9400000000
0.5473287733	0.9500000000
0.5369332032	0.9500000000
0.5873998883	0.9500000000
0.6683135369	0.9500000000
0.5786142158	0.9500000000
0.6545925555	0.9500000000
0.5872745846	0.9500000000
0.5787597390	0.9500000000
0.5933319882	0.9600000000
0.5739302264	0.9600000000
0.5943068203	0.9600000000
0.6226506230	0.9700000000
0.6031212491	0.9900000000
0.4841005565	0.1000000000
0.4415394269	0.2000000000
0.4188676570	0.2000000000
0.4626823539	0.2000000000
0.4187308745	0.2000000000
0.4814736336	0.2000000000
0.4924295782	0.2000000000
0.4533019987	0.2000000000
0.4919820205	0.2000000000
0.4075455747	0.2000000000
0.4432657973	0.2000000000
0.4152750251	0.2000000000
0.4389118471	0.2000000000
0.4843421332	0.2000000000
0.4363686065	0.2000000000
0.4757395908	0.2000000000
0.4197228310	0.2000000000
0.5444335223	0.2000000000
0.5414303984	0.2000000000
0.3845700910	0.2000000000
0.5318713534	0.2000000000
0.4906419959	0.2000000000
0.4221422065	0.2000000000
0.4584550197	0.2000000000
0.4661451778	0.3000000000
0.4852968012	0.3000000000
0.4427019780	0.3000000000
0.5477365194	0.3000000000
0.5073366940	0.3000000000
0.4934320534	0.3000000000
0.4704223578	0.3000000000
0.4914380862	0.3000000000
0.4531091944	0.3000000000
0.5237373018	0.3000000000
0.4525427391	0.3000000000
0.5077719501	0.3000000000
0.4668266747	0.3000000000
0.5013955088	0.3000000000
0.4709830865	0.3000000000
0.5763790873	0.3000000000
0.4406818540	0.3000000000
0.4387134343	0.3000000000
0.4938406876	0.3000000000
0.5194951433	0.3000000000
0.4768657094	0.3000000000
0.4544769043	0.3000000000
0.4176237790	0.3000000000
0.5475241085	0.3000000000
0.5081575285	0.3000000000
0.4453815490	0.3000000000
0.5127193872	0.3000000000
0.4531789513	0.3000000000
0.4689995467	0.3000000000
0.4547463443	0.3000000000
0.4918582663	0.3000000000
0.4610816254	0.3000000000
0.5137563027	0.3000000000
0.4413250664	0.3000000000
0.4642069477	0.3000000000
0.5096868155	0.3000000000
0.4905949134	0.3000000000
0.4743266795	0.3000000000
0.5323465431	0.3000000000
0.5520181765	0.3000000000
0.5356403623	0.3000000000
0.4555308787	0.3000000000
0.5008234814	0.3000000000
0.4754698246	0.3000000000
0.4834370345	0.3000000000
0.3518054843	0.3000000000
0.4493609303	0.3000000000
0.4633244229	0.3000000000
0.4130472327	0.3000000000
0.5166723426	0.3000000000
0.4467150869	0.3000000000
0.4839573119	0.3000000000
0.4905520475	0.3000000000
0.4785209712	0.3000000000
0.5171188247	0.3000000000
0.4436115626	0.3000000000
0.4646323291	0.3000000000
0.4565556177	0.3000000000
0.5424018159	0.3000000000
0.5547728074	0.3000000000
0.5767991641	0.3000000000
0.4943582379	0.3000000000
0.4723006824	0.3000000000
0.4504802776	0.3000000000
0.4977615577	0.3000000000
0.4654495959	0.3000000000
0.6477099494	0.3000000000
0.4730417397	0.3000000000
0.5664827510	0.3000000000
0.4416339513	0.3000000000
0.5517081606	0.3000000000
0.4397948229	0.3000000000
0.4823571301	0.3000000000
0.4244675400	0.3000000000
0.4578887061	0.3000000000
0.4308035721	0.3000000000
0.4819118648	0.3000000000
0.4893857778	0.3000000000
0.4357247641	0.3000000000
0.4487612101	0.3000000000
0.3861242077	0.3000000000
0.4073988943	0.3000000000
0.5034745466	0.3000000000
0.4229408813	0.3000000000
0.4503857314	0.3000000000
0.5986237171	0.3000000000
0.4884143319	0.3000000000
0.4922328081	0.3000000000
0.4571700617	0.4000000000
0.5575886039	0.4000000000
0.5231788428	0.4000000000
0.3919265338	0.4000000000
0.4633586685	0.4000000000
0.4460561684	0.4000000000
0.5395599260	0.4000000000
0.4412073560	0.4000000000
0.4559758771	0.4000000000
0.4687280865	0.4000000000
0.4918440623	0.4000000000
0.5248917903	0.4000000000
0.5194106622	0.4000000000
0.5545964735	0.4000000000
0.4687079578	0.4000000000
0.4982811781	0.4000000000
0.4347900629	0.4000000000
0.4741909558	0.4000000000
0.5061871054	0.4000000000
0.4516946794	0.4000000000
0.4756929218	0.4000000000
0.5211129175	0.4000000000
0.4651205258	0.4000000000
0.4852804390	0.4000000000
0.4650645036	0.4000000000
0.5153290886	0.4000000000
0.4324674211	0.4000000000
0.5472018497	0.4000000000
0.5549657359	0.4000000000
0.5108770996	0.4000000000
0.4478646311	0.4000000000
0.4882396435	0.4000000000
0.4291737149	0.4000000000
0.4615945939	0.4000000000
0.4475526931	0.4000000000
0.5018513958	0.4000000000
0.5014632740	0.4000000000
0.5136657366	0.4000000000
0.4832587341	0.4000000000
0.4825832480	0.4000000000
0.4747748784	0.4000000000
0.4507125841	0.4000000000
0.4060423051	0.4000000000
0.4546633580	0.4000000000
0.4835215286	0.4000000000
0.5416759746	0.4000000000
0.4825897406	0.4000000000
0.5272718785	0.4000000000
0.4424616842	0.4000000000
0.5269771496	0.4000000000
0.5698095639	0.4000000000
0.4538312340	0.4000000000
0.4739121053	0.4000000000
0.5248236533	0.4000000000
0.4331806283	0.4000000000
0.5100450763	0.4000000000
0.4547546564	0.4000000000
0.4849142127	0.4000000000
0.4623498461	0.4000000000
0.4430323544	0.4000000000
0.4981977266	0.4000000000
0.4843133858	0.4000000000
0.4519534543	0.4000000000
0.4881436441	0.4000000000
0.4479842506	0.4000000000
0.5348762156	0.4000000000
0.4869672624	0.4000000000
0.4633686620	0.4000000000
0.4930592960	0.4000000000
0.5089036763	0.4000000000
0.4583195977	0.4000000000
0.4030474009	0.4000000000
0.4740199837	0.4000000000
0.4758911768	0.4000000000
0.4863147272	0.4000000000
0.5551776954	0.4000000000
0.4884076440	0.4000000000
0.4598811951	0.4000000000
0.4868724701	0.4000000000
0.4766262541	0.4000000000
0.4339916506	0.4000000000
0.4577333624	0.4000000000
0.4007097959	0.4000000000
0.4690173959	0.4000000000
0.4810654216	0.4000000000
0.5166607176	0.4000000000
0.5129875825	0.4000000000
0.4763030239	0.4000000000
0.5155478520	0.4000000000
0.5074935715	0.4000000000
0.4037530989	0.4000000000
0.4035089018	0.4000000000
0.5019235194	0.4000000000
0.4999695400	0.4000000000
0.5253610303	0.4000000000
0.4268621460	0.4000000000
0.4306047939	0.4000000000
0.4083118249	0.4000000000
0.5068683004	0.4000000000
0.5224651749	0.4000000000
0.4010186031	0.4000000000
0.4734318427	0.4000000000
0.4767567104	0.4000000000
0.4454991563	0.4000000000
0.4484299905	0.4000000000
0.4415355512	0.4000000000
0.3274427447	0.4000000000
0.5370131124	0.4000000000
0.3785186599	0.4000000000
0.4787560314	0.4000000000
0.4134050019	0.4000000000
0.5050189069	0.4000000000
0.4678133545	0.4000000000
0.4255745480	0.4000000000
0.3361896875	0.4000000000
0.5109729511	0.4000000000
0.4776821950	0.4000000000
0.4532715210	0.4000000000
0.4899326046	0.4000000000
0.5148719998	0.4000000000
0.4478812877	0.5000000000
0.4703118947	0.5000000000
0.4874112693	0.5000000000
0.5085298293	0.5000000000
0.4952575473	0.5000000000
0.4781810031	0.5000000000
0.4533515968	0.5000000000
0.5200285987	0.5000000000
0.4488483298	0.5000000000
0.5673159369	0.5000000000
0.4553709480	0.5000000000
0.5369875726	0.5000000000
0.4723524395	0.5000000000
0.5680817292	0.5000000000
0.4533393117	0.5000000000
0.4770449930	0.5000000000
0.4974278907	0.5000000000
0.4622050066	0.5000000000
0.5145538845	0.5000000000
0.4825075225	0.5000000000
0.4748562289	0.5000000000
0.5288432660	0.5000000000
0.5271127111	0.5000000000
0.5355197932	0.5000000000
0.4869355867	0.5000000000
0.5271074968	0.5000000000
0.4922645476	0.5000000000
0.5606621508	0.5000000000
0.4667563704	0.5000000000
0.5102510574	0.5000000000
0.5287831018	0.5000000000
0.6313447322	0.5000000000
0.4462652107	0.5000000000
0.4845310201	0.5000000000
0.4603543314	0.5000000000
0.5335903023	0.5000000000
0.4999572490	0.5000000000
0.4673406026	0.5000000000
0.4575256902	0.5000000000
0.4496507005	0.5000000000
0.5670364363	0.5000000000
0.4715183736	0.5000000000
0.5138937283	0.5000000000
0.5163651948	0.5000000000
0.5168297141	0.5000000000
0.4969444832	0.5000000000
0.5020843933	0.5000000000
0.4677571760	0.5000000000
0.5322710409	0.5000000000
0.5242727827	0.5000000000
0.5058065406	0.5000000000
0.4734037327	0.5000000000
0.4689516504	0.5000000000
0.5739637399	0.5000000000
0.5610432513	0.5000000000
0.5156816062	0.5000000000
0.4381342092	0.5000000000
0.4620065247	0.5000000000
0.5226817772	0.5000000000
0.4781744435	0.5000000000
0.5050435267	0.5000000000
0.5239204867	0.5000000000
0.4703373685	0.5000000000
0.5538330048	0.5000000000
0.5138946280	0.5000000000
0.7176255618	0.5000000000
0.5661315983	0.5000000000
0.5456343602	0.5000000000
0.5318197652	0.5000000000
0.5398704086	0.5000000000
0.4806643994	0.5000000000
0.4814067635	0.5000000000
0.5231751467	0.5000000000
0.5400419658	0.5000000000
0.4979328394	0.5000000000
0.5567111202	0.5000000000
0.4797103082	0.5000000000
0.4817464625	0.5000000000
0.4644475293	0.5000000000
0.4896546243	0.5000000000
0.4382075986	0.5000000000
0.5220143284	0.5000000000
0.5533997906	0.5000000000
0.4489999459	0.5000000000
0.5535959954	0.5000000000
0.4699810229	0.5000000000
0.4780551011	0.5000000000
0.4797918187	0.5000000000
0.4143793301	0.5000000000
0.5018926658	0.5000000000
0.4517723282	0.5000000000
0.5326781624	0.5000000000
0.5379531877	0.5000000000
0.5784563609	0.5000000000
0.4371854737	0.5000000000
0.4954022267	0.5000000000
0.4652629273	0.5000000000
0.4820737373	0.5000000000
0.5263212017	0.5000000000
0.4977152461	0.5000000000
0.5481687508	0.5000000000
0.4204626269	0.5000000000
0.4556301420	0.5000000000
0.5243307164	0.5000000000
0.4436311335	0.5000000000
0.4771968807	0.5000000000
0.4679681151	0.5000000000
0.4638340885	0.5000000000
0.5345830863	0.5000000000
0.5233302013	0.5000000000
0.4870782996	0.5000000000
0.4759810695	0.5000000000
0.5173344861	0.5000000000
0.5305844869	0.5000000000
0.5078004836	0.5000000000
0.4983784619	0.5000000000
0.4801582526	0.5000000000
0.4431819403	0.5000000000
0.4251829965	0.5000000000
0.4755319538	0.5000000000
0.4593457764	0.5000000000
0.5179403154	0.5000000000
0.4413824037	0.5000000000
0.4434627623	0.5000000000
0.5136048177	0.5000000000
0.4766372804	0.5000000000
0.4526373535	0.5000000000
0.4981861518	0.5000000000
0.4677807794	0.5000000000
0.4454007575	0.5000000000
0.4279591119	0.5000000000
0.4588428989	0.5000000000
0.3588908832	0.5000000000
0.4151215931	0.5000000000
0.5555671950	0.5000000000
0.5069681209	0.5000000000
0.4644080264	0.5000000000
0.3857242905	0.5000000000
0.5026084999	0.5000000000
0.6724397038	0.5000000000
0.3789148010	0.5000000000
0.5029661455	0.5000000000
0.4087210260	0.5000000000
0.4221233191	0.5000000000
0.4008081546	0.5000000000
0.4000653047	0.5000000000
0.4994708192	0.5000000000
0.5489647745	0.5000000000
0.3681510694	0.5000000000
0.5237358986	0.5000000000
0.3449276471	0.5000000000
0.4707528545	0.5000000000
0.5077273596	0.5000000000
0.4759057568	0.5000000000
0.4090437233	0.5000000000
0.4880786575	0.5000000000
0.4579287056	0.5000000000
0.4459851101	0.5000000000
0.4767190920	0.5000000000
0.4743430062	0.5000000000
0.5187295090	0.5000000000
0.4706653487	0.5000000000
0.3790535769	0.5000000000
0.4107898955	0.5000000000
0.4457518026	0.5000000000
0.4528105559	0.5000000000
0.4679155813	0.5000000000
0.4895961735	0.5000000000
0.5041288752	0.5000000000
0.5688266867	0.5000000000
0.4249603096	0.5000000000
0.4663719942	0.5000000000
0.4698162718	0.5000000000
0.5696782465	0.6000000000
0.4808703295	0.6000000000
0.4688025063	0.6000000000
0.5784731757	0.6000000000
0.5177097837	0.6000000000
0.5031240093	0.6000000000
0.4950588448	0.6000000000
0.4791809783	0.6000000000
0.5398968372	0.6000000000
0.4522808536	0.6000000000
0.4522808536	0.6000000000
0.5039770163	0.6000000000
0.4973244100	0.6000000000
0.5225343916	0.6000000000
0.5482443563	0.6000000000
0.4987834730	0.6000000000
0.4683366097	0.6000000000
0.4626016543	0.6000000000
0.4926211858	0.6000000000
0.5225575548	0.6000000000
0.5627690641	0.6000000000
0.4256696223	0.6000000000
0.4931327742	0.6000000000
0.5005004093	0.6000000000
0.5851936536	0.6000000000
0.5228062282	0.6000000000
0.4834970236	0.6000000000
0.5683012911	0.6000000000
0.4876799059	0.6000000000
0.4749584368	0.6000000000
0.4642507003	0.6000000000
0.5054198551	0.6000000000
0.5138054683	0.6000000000
0.5427023753	0.6000000000
0.4015829998	0.6000000000
0.5020991703	0.6000000000
0.5509331722	0.6000000000
0.5040949613	0.6000000000
0.4580645864	0.6000000000
0.4701897644	0.6000000000
0.5085087625	0.6000000000
0.5076715137	0.6000000000
0.4547983675	0.6000000000
0.5207029758	0.6000000000
0.4681599729	0.6000000000
0.5120790843	0.6000000000
0.5164992786	0.6000000000
0.5003636028	0.6000000000
0.3851044399	0.6000000000
0.4738201367	0.6000000000
0.5104856954	0.6000000000
0.4785334934	0.6000000000
0.5802121974	0.6000000000
0.5507421309	0.6000000000
0.4648021717	0.6000000000
0.4069461214	0.6000000000
0.5716174294	0.6000000000
0.5646675637	0.6000000000
0.4618406746	0.6000000000
0.5122266416	0.6000000000
0.4963750418	0.6000000000
0.5260046230	0.6000000000
0.5126040145	0.6000000000
0.5134318601	0.6000000000
0.5052899195	0.6000000000
0.5422951490	0.6000000000
0.4885896908	0.6000000000
0.5468159536	0.6000000000
0.5404394789	0.6000000000
0.5661801870	0.6000000000
0.5166427119	0.6000000000
0.5004058944	0.6000000000
0.5011052145	0.6000000000
0.5654724336	0.6000000000
0.6494330878	0.6000000000
0.5395741338	0.6000000000
0.3844755716	0.6000000000
0.3844755716	0.6000000000
0.4707635081	0.6000000000
0.4474988381	0.6000000000
0.4724947922	0.6000000000
0.4424505500	0.6000000000
0.4561253703	0.6000000000
0.5074968071	0.6000000000
0.5651102065	0.6000000000
0.4505570142	0.6000000000
0.4079448456	0.6000000000
0.5066815959	0.6000000000
0.4513870143	0.6000000000
0.5722767428	0.6000000000
0.5690129701	0.6000000000
0.4701074521	0.6000000000
0.4824500502	0.6000000000
0.5217881176	0.6000000000
0.4838945898	0.6000000000
0.5066408265	0.6000000000
0.4806997620	0.6000000000
0.4315807859	0.6000000000
0.6058097921	0.6000000000
0.5211557080	0.6000000000
0.6051967056	0.6000000000
0.4103380887	0.6000000000
0.6407795661	0.6000000000
0.5030201004	0.6000000000
0.4839713809	0.6000000000
0.4894317019	0.6000000000
0.5341893680	0.6000000000
0.4956800519	0.6000000000
0.4831123301	0.6000000000
0.5194173558	0.6000000000
0.3765492828	0.6000000000
0.4175573594	0.6000000000
0.4242043388	0.6000000000
0.4293272268	0.6000000000
0.3805800625	0.6000000000
0.4637585186	0.6000000000
0.4407299105	0.6000000000
0.5423647036	0.6000000000
0.5023206128	0.6000000000
0.5715600784	0.6000000000
0.4714571387	0.6000000000
0.4715064452	0.6000000000
0.4715225373	0.6000000000
0.4829331353	0.6000000000
0.4460777264	0.6000000000
0.5123670914	0.6000000000
0.3732567908	0.6000000000
0.3742645913	0.6000000000
0.4618890511	0.6000000000
0.4920023352	0.6000000000
0.6239219913	0.6000000000
0.5650066867	0.6000000000
0.5086932647	0.6000000000
0.4565859735	0.6000000000
0.4610676812	0.7000000000
0.5729661083	0.7000000000
0.4965211772	0.7000000000
0.5441735300	0.7000000000
0.4946696480	0.7000000000
0.4962657113	0.7000000000
0.4437534949	0.7000000000
0.5215941840	0.7000000000
0.5446593250	0.7000000000
0.4345000175	0.7000000000
0.4171753943	0.7000000000
0.5242046641	0.7000000000
0.4873632678	0.7000000000
0.5093881826	0.7000000000
0.4593795666	0.7000000000
0.5049400071	0.7000000000
0.4703210224	0.7000000000
0.5567059397	0.7000000000
0.5311057473	0.7000000000
0.4721273576	0.7000000000
0.5204150643	0.7000000000
0.5370470292	0.7000000000
0.5202863796	0.7000000000
0.5036217524	0.7000000000
0.5016244237	0.7000000000
0.5135117240	0.7000000000
0.5358067469	0.7000000000
0.5254773358	0.7000000000
0.5232663560	0.7000000000
0.5380082257	0.7000000000
0.5097014640	0.7000000000
0.5212344792	0.7000000000
0.4747115111	0.7000000000
0.5212648246	0.7000000000
0.4932783713	0.7000000000
0.5136073824	0.7000000000
0.5151095383	0.7000000000
0.5714876950	0.7000000000
0.4857117081	0.7000000000
0.5721678185	0.7000000000
0.4376411256	0.7000000000
0.4530568811	0.7000000000
0.4733205710	0.7000000000
0.5068235447	0.7000000000
0.4924646644	0.7000000000
0.5293564319	0.7000000000
0.4929677269	0.7000000000
0.5408213065	0.7000000000
0.5378130623	0.7000000000
0.5332157579	0.7000000000
0.3964696901	0.7000000000
0.4645995132	0.7000000000
0.4639864535	0.7000000000
0.4962127365	0.7000000000
0.5095906899	0.7000000000
0.5157662901	0.7000000000
0.4803502107	0.7000000000
0.5177118913	0.7000000000
0.4792332799	0.7000000000
0.4906789272	0.7000000000
0.5482265992	0.7000000000
0.5134474813	0.7000000000
0.5634609180	0.7000000000
0.5072946497	0.7000000000
0.5043130548	0.7000000000
0.5115506860	0.7000000000
0.5320924404	0.7000000000
0.4195045555	0.7000000000
0.4992218052	0.7000000000
0.4993839225	0.7000000000
0.4737511718	0.7000000000
0.5466043579	0.7000000000
0.5512797850	0.7000000000
0.4062199937	0.7000000000
0.5271915844	0.7000000000
0.5039907026	0.7000000000
0.4477227848	0.7000000000
0.4303018155	0.7000000000
0.4838969817	0.7000000000
0.5727527461	0.7000000000
0.5578860868	0.7000000000
0.4949945257	0.7000000000
0.6634242234	0.7000000000
0.5323058424	0.7000000000
0.5395775393	0.7000000000
0.5252808052	0.7000000000
0.4934604231	0.7000000000
0.4525237903	0.7000000000
0.5108642768	0.7000000000
0.4308033540	0.7000000000
0.5368788179	0.7000000000
0.4603258234	0.7000000000
0.4107287400	0.7000000000
0.4803705766	0.7000000000
0.4401976413	0.7000000000
0.5321935186	0.7000000000
0.4653683143	0.7000000000
0.5182493015	0.7000000000
0.4088144770	0.7000000000
0.5547840784	0.7000000000
0.5596519579	0.7000000000
0.4612849056	0.7000000000
0.5444635696	0.8000000000
0.5392040928	0.8000000000
0.5242147342	0.8000000000
0.5445024235	0.8000000000
0.5734452979	0.8000000000
0.5271692463	0.8000000000
0.4719357993	0.8000000000
0.5392001956	0.8000000000
0.5181338762	0.8000000000
0.4976160755	0.8000000000
0.5383504486	0.8000000000
0.4754936072	0.8000000000
0.5206065346	0.8000000000
0.4599214609	0.8000000000
0.5207666502	0.8000000000
0.5352179215	0.8000000000
0.5451066934	0.8000000000
0.4801582432	0.8000000000
0.5234024525	0.8000000000
0.5241139237	0.8000000000
0.4671172720	0.8000000000
0.4894478561	0.8000000000
0.5551851257	0.8000000000
0.5084200615	0.8000000000
0.5872349431	0.8000000000
0.4872356737	0.8000000000
0.4970604998	0.8000000000
0.5155624973	0.8000000000
0.5662668240	0.8000000000
0.4839851892	0.8000000000
0.4997726870	0.8000000000
0.5161674349	0.8000000000
0.5627338376	0.8000000000
0.6747117636	0.8000000000
0.5359847577	0.8000000000
0.4403464659	0.8000000000
0.4523484881	0.8000000000
0.4335711746	0.8000000000
0.5544690557	0.8000000000
0.4950286715	0.8000000000
0.4665142790	0.8000000000
0.5682468127	0.8000000000
0.4646209670	0.8000000000
0.5706964071	0.8000000000
0.5260041532	0.8000000000
0.4857170742	0.8000000000
0.5076872617	0.8000000000
0.5243387562	0.8000000000
0.4973053378	0.8000000000
0.4882432281	0.8000000000
0.5391243244	0.8000000000
0.5524809676	0.8000000000
0.4475160674	0.8000000000
0.5086185823	0.8000000000
0.5121757686	0.8000000000
0.5135827350	0.8000000000
0.4636709627	0.8000000000
0.4931626084	0.8000000000
0.5005090841	0.8000000000
0.4620779717	0.8000000000
0.4943720165	0.8000000000
0.5756992366	0.8000000000
0.5382584115	0.8000000000
0.4108603895	0.8000000000
0.5653996171	0.8000000000
0.4538632984	0.8000000000
0.5631016421	0.8000000000
0.4980623421	0.8000000000
0.5194381889	0.9000000000
0.5318780537	0.9000000000
0.4424829646	0.9000000000
0.5331271251	0.9000000000
0.5542682787	0.9000000000
0.5238460880	0.9000000000
0.5269691788	0.9000000000
0.4924877601	0.9000000000
0.4635783950	0.9000000000
0.4832974826	0.9000000000
0.6073110121	0.9000000000
0.4198313201	0.9000000000
0.5296909378	0.9000000000
0.5609763792	0.9000000000
0.5303271017	0.9000000000
