-1664.45143
-989.20458
-1213.70332
-1131.10287
-462.93763
-1487.64467
-1239.71817
-584.30470
-1015.23667
-1471.09628
-1025.44243
-1429.19111
-1363.93645
-1232.56691
-974.44174
-819.14870
-885.89632
-1142.90930
-1034.90035
-1029.35459
-1003.32159
-739.72048
-817.80962
-1017.29521
-958.78702
-935.89299
-1547.07391
-1942.41084
-795.68719
-1901.56593
-1901.56593
-1361.21700
-1007.86221
-1087.71660
-1596.14097
-954.15031
-1534.32750
-1532.82686
-631.17984
-1340.25612
-1481.94280
-1251.63194
-690.79078
-1257.35352
-477.23049
-694.58498
-769.13964
-1272.18301
-1277.47969
-895.83599
-1250.20147
-1614.74788
-1287.26754
-841.01025
-1133.64787
-1111.60034
-637.27575
-1028.55365
-372.86458
-1293.51006
-1173.46917
-1409.97894
-833.45440
-1170.02689
-503.69710
-978.29257
-664.84240
-762.57447
-559.12200
-1393.56710
-1414.12023
-546.32057
-1414.12023
-874.76737
-865.50627
-820.69366
-993.16259
-1206.09470
-640.29474
-1184.64514
-925.32767
-1148.74454
-1182.26258
-1383.42282
-1366.11474
-1138.70371
-844.90738
-1064.75920
-427.03027
-1005.14585
-688.26975
-761.70775
-967.48000
-1116.71063
-535.51515
-1116.71063
-1080.54715
-910.74795
-887.74890
-844.83265
-851.72224
-1294.24880
-1142.94195
-1693.99971
-1630.25753
-1508.78664
-1474.69468
-1657.78079
-2397.86667
-2058.49871
-1131.91260
-1890.31116
-1890.31116
-1768.81492
-1160.80736
-2154.54339
-1382.30524
-1567.19749
-1445.45636
-1019.95635
-1792.40467
-1433.22838
-587.56139
-2155.35138
-1529.45484
-1140.78525
-1651.86115
-1525.28666
-2554.19530
-1739.75387
-1323.46812
-1279.60266
-1007.64704
-1357.01837
-848.97514
-1291.37494
-1502.30128
-1055.28459
-979.40614
-700.87790
-1856.36175
-1199.91774
-639.81940
-1544.62172
-540.68858
-676.98771
-1375.44775
-690.89792
-911.23503
-1073.60017
-424.54341
-718.50630
-1611.76568
-910.12176
-857.88828
-908.31949
-1120.06582
-1455.54604
-895.91861
-907.36705
-1516.21661
-1002.66036
-429.57919
-742.48896
-1040.15092
-1064.67905
-751.31309
-939.40456
-1024.28101
-953.07048
-1245.26744
-987.35369
-849.57831
-797.58354
-1254.48587
-935.76395
-1225.17142
-1576.17649
-1205.36777
-474.25270
-993.40972
-1418.81731
-1142.00783
-800.06137
-1113.59113
-691.96954
-762.46775
-708.63183
-853.98168
-1335.32517
-1029.12609
-828.07827
-909.46156
-1433.75419
-1189.72206
-874.84550
-962.76437
-919.46216
-1045.62670
-651.69221
-750.04008
-750.04008
-1118.83601
-979.29323
-807.62522
-1157.39864
-1334.39427
-900.27337
-828.50465
-906.40025
-1105.28879
-1099.23920
-438.06055
-773.63450
-1305.83374
-613.72350
-907.26145
-563.42445
-917.44971
-709.62353
-515.64477
-1037.73403
-784.86662
-230.74270
-796.92890
-752.09678
-1021.81294
-1165.85182
-1089.39346
-1027.55073
-1254.36564
-973.85310
-994.61792
-771.01782
-740.67710
-1006.76403
-876.13482
-1029.16749
-1323.43168
-2305.60064
-1701.92735
-1106.11959
-1220.01203
-1141.97731
-1650.99934
-810.51082
-2086.44908
-1929.97960
-956.43269
-1509.63066
-886.41700
-1525.76982
-1636.21764
-779.89429
-1709.09357
-1486.53476
-1492.55279
-1430.57346
-1284.19180
-1417.09719
-1307.67198
-1162.31445
-1350.22847
-917.73087
-1499.09968
-1136.48529
-2209.53286
-527.02871
-819.60287
-1200.72620
-1416.99513
-1808.93746
-1118.65035
-1490.06903
-1414.28056
-892.65126
-570.97068
-705.28791
-930.49566
-1179.54658
-1263.85782
-1433.04776
-2001.93543
-2243.70083
-1876.13738
-770.54307
-840.50421
-1664.13475
-1470.73296
-984.56789
-1005.19433
-1263.96949
-1026.94136
-1003.18079
-540.31241
-895.48078
-983.07039
-1438.80660
-1291.78368
-913.00308
-1082.10636
-744.00403
-1274.25570
-1274.25570
-1659.67937
-1588.89250
-1588.89250
-681.22316
-1057.22229
-1561.91877
-907.85177
-433.24382
-976.80803
-659.90158
-894.28407
-797.10740
-931.71813
-931.71813
-667.61142
-948.80227
-572.82984
-1070.75153
-1037.23094
-1136.84116
-817.56172
-1687.34664
-1057.08953
-631.44790
-534.66467
-1192.52506
-802.86211
-1681.82377
-815.44504
-1313.61287
-949.08841
-961.77652
-688.44607
-735.19530
-795.71034
-795.71034
-825.38197
-731.53614
-906.90934
-625.90982
-613.47934
-1046.82947
-866.01644
-741.95922
-1085.63964
-615.17728
-841.79297
-658.82014
-1008.93465
-1228.61378
-1094.94155
-523.52274
-547.97351
-1264.03687
-1017.59208
-748.25277
-909.38068
-874.62510
-880.19723
-1158.27560
-517.25697
-1648.90362
-875.85495
-1079.87436
-642.92559
-694.01415
-1296.09152
-1300.65365
-696.40358
-592.09276
-1417.35207
-1063.84451
-1547.82222
-1423.50122
-543.92190
-579.35851
-975.60694
-421.79516
-919.10987
-470.64991
-638.77933
-484.88754
-500.58776
-1350.23430
-557.95505
-1350.23430
-730.88643
-544.74996
-1075.38771
-569.38562
-691.20635
-1004.69768
-497.39255
-698.81411
-1060.32925
-905.09601
-1040.49366
-944.94397
-809.34942
-676.74614
-957.43063
-552.93390
-1115.84737
-1142.97682
-1158.55575
-1033.94856
-836.11488
-1668.69195
-949.10691
-596.59663
-1353.69905
-949.84225
-730.58021
-1650.10410
-1722.21403
-2167.02300
-1003.96219
-1320.76182
-1847.60771
-1064.23113
-885.23922
-960.10688
-1354.02873
-1888.43337
-1844.52524
-1131.14365
-1333.92562
-800.17524
-1139.90091
-739.59351
-1430.13727
-1226.89510
-874.13216
-894.55114
-1380.50895
-1622.55728
-2210.42950
-1787.08064
-1646.89091
-664.53262
-1360.57224
-1256.75723
-569.03674
-1139.36134
-2131.47764
-1952.92442
-1765.07924
-1605.44709
-1738.05822
-2320.60977
-1735.98286
-1975.30806
-983.58218
-1572.49267
-1885.79665
-2087.52936
-1026.53770
-1898.20464
-604.80546
-631.96912
-1415.40614
-1026.99072
-701.26963
-1291.21406
-1177.62751
-1402.71422
-925.74774
-1571.48671
-2012.57127
-1841.33709
-1598.78155
-1419.84190
-980.89503
-1223.06392
-1108.80911
-1619.50626
-1597.71413
-1196.15922
-815.70766
-1578.49182
-1318.29615
-579.27120
-850.94975
-1205.03954
-1126.17283
-1310.68136
-1302.28404
-1225.11435
-1580.01651
-1068.43026
-1075.06100
-1311.05673
-1917.25984
-928.29317
-714.93731
-1290.97777
-1138.41079
-1077.01636
-1133.32780
-1405.80943
-1060.67831
-759.59998
-986.89499
-941.64042
-568.67891
-943.48393
-1233.93055
-1183.80201
-1288.69633
-745.84081
-801.83319
-801.83319
-960.21297
-882.94972
-691.78635
-1155.96245
-1041.48839
-1306.68702
-1482.03305
-1829.05693
-653.97500
-1443.31536
-687.06597
-311.15007
-1508.41211
-359.49703
-983.26346
-1272.29394
-988.06800
-825.32397
-741.19144
-1163.31940
-1045.90558
-941.01877
-645.36519
-751.59590
-1099.56628
-1471.42893
-711.93897
-1130.89593
-1220.86424
-1092.91962
-667.45126
-663.10662
-645.65591
-1188.41208
-577.68188
-1410.62566
-751.78683
-668.24863
-791.22577
-850.96135
-1423.17870
-825.05435
-765.37294
-1064.64239
-1493.52111
-1041.37482
-1303.00257
-996.85201
-722.96712
-1519.70853
-954.05398
-928.81283
-412.14595
-837.08849
-1013.15952
-571.36368
-817.47498
-672.78005
-820.04806
-820.04806
-1604.24136
-1133.63677
-1634.47029
-871.15675
-1122.75228
-742.69100
-926.37363
-981.11907
-433.12915
-1056.08654
-857.02259
-1159.21871
-1080.84096
-1179.00278
-1341.89971
-644.67369
-1183.98838
-1143.49510
-813.06623
-987.27561
-994.36957
-951.35290
-681.07790
-549.24832
-305.31738
-300.50515
-1045.41948
-952.12320
-638.51464
-282.91331
-469.84155
-882.43450
-691.60701
-499.59031
-668.40685
-662.32204
-469.84155
-632.80616
-519.23754
-786.56456
-662.32204
-668.40685
-1130.54397
-937.69346
-816.99427
-682.16825
-932.76636
-1315.12847
-801.88334
-1334.22675
-1248.69360
-1154.93665
-1363.25506
-947.48438
-1126.61795
-1248.29042
-568.47602
-836.84602
-1256.50061
-759.97185
-1464.04280
-1681.69548
-2127.28789
-1147.26698
-1752.13081
-1207.42436
-1257.56339
-1369.62504
-1059.10112
-1713.89179
-2045.10675
-1625.03399
-643.69301
-887.55895
-1879.57009
-2484.90200
-1812.17519
-663.49092
-1047.87266
-836.81039
-1399.27626
-1972.42281
-1441.16643
-1678.69393
-1153.78977
-3324.57726
-1420.55902
-1394.65122
-1289.14111
-2019.47586
-1266.48375
-1214.07917
-542.57572
-316.48766
-1228.52228
-1322.11578
-1315.56496
-1967.95499
-1606.18362
-2328.92870
-2422.92423
-1220.21338
-1604.58731
-1655.43758
-1900.92377
-1503.95069
-1854.52634
-1351.41008
-2025.86582
-1507.99746
-1254.13571
-1430.27467
-1111.40275
-1014.32874
-1257.08770
-1085.49939
-1568.68488
-2647.43633
-1860.10890
-1036.01891
-1282.63458
-1622.01652
-1345.46755
-900.73041
-1490.19164
-1351.67421
-1642.12105
-809.26719
-983.69940
-2078.43296
-1681.01088
-1455.27307
-1270.35235
-1044.67042
-1749.34774
-1340.81811
-1177.27826
-1552.63059
-766.26110
-819.39176
-1464.73604
-1452.29805
-886.83477
-1548.25548
-1602.40355
-998.48469
-1079.44572
-1062.18892
-1328.88865
-1592.34569
-1089.84104
-1119.94869
-1666.36422
-897.30665
-1479.58323
-1451.23985
-1806.09387
-717.08685
-950.54092
-1571.17531
-1222.55922
-833.31235
-890.77322
-739.19361
-1243.78195
-1369.59069
-870.98922
-1274.73274
-1366.67951
-1616.45045
-1546.87105
-1052.13819
-1258.70328
-1376.51662
-1007.16676
-1083.77765
-1524.40761
-912.16744
-676.51783
-918.50426
-650.32187
-1223.53947
-1131.00727
-912.04053
-1069.74416
-1178.28746
-1080.57937
-870.98494
-902.60509
-902.60509
-665.75164
-698.54479
-582.26532
-816.57600
-1114.35667
-1515.58774
-1015.31749
-1360.66015
-651.35687
-1583.98065
-1100.41347
-1314.61863
-492.90340
-1155.83689
-714.64215
-1412.39572
-1117.15381
-1288.04621
-688.04678
-1091.84803
-1053.82587
-852.44026
-702.46061
-1401.77989
-1700.66084
-1662.82302
-1394.82415
-1715.97625
-689.52922
-1352.97365
-959.07996
-1428.10600
-1342.39934
-999.14659
-1503.66745
-1227.28039
-1556.92887
-1329.88491
-1482.15015
-1204.79360
-1175.85333
-1358.50805
-502.52130
-638.89506
-1037.42331
-1037.42331
-985.40703
-929.91552
-1675.00262
-625.67761
-1513.14529
-1313.52983
-1261.89151
-1361.43705
-1013.56919
-1158.34752
-1383.10781
-1280.63265
-1372.12972
-842.21314
-944.07092
-1679.92972
-528.70360
-847.18637
-475.24237
-715.30731
-837.55151
-702.23996
-1172.83521
-847.53960
-498.08686
-361.66966
-1445.44326
-974.23847
-557.99495
-614.79252
-1596.12443
-750.54432
-1279.72302
-1186.41973
-2064.85365
-1133.09248
-938.21852
-1038.53508
-1036.86766
-1323.46012
-777.85542
-1501.01009
-887.11193
-1373.49467
-1608.59207
-1020.80603
-1622.43039
-1356.87692
-1218.72307
-1236.20601
-727.78103
-727.78103
-838.90318
-1059.04813
-1244.59312
-613.09922
-620.22226
-1123.80665
-1778.47023
-438.97144
-751.59745
-1656.07869
-833.99718
-1244.11287
-1003.40529
-1332.23914
-684.47141
-952.97584
-913.89969
-1036.75758
-719.09721
-711.46990
-991.77010
-691.62981
-383.03954
-629.93803
-213.77962
-550.99381
-497.37790
-699.75452
-792.75724
-1067.93635
-1033.78193
-698.92060
-988.70632
-1105.43868
-836.19348
-888.38665
-1267.26957
-1247.58353
-796.92739
-1108.93274
-1116.54360
-746.85011
-710.15958
-746.45150
-645.73815
-1162.32070
-909.11593
-231.71247
-962.62841
-986.06691
-1328.33265
-725.59130
-787.21701
-913.42272
-780.37041
-744.01414
-732.19631
-759.81378
-855.22347
-1591.09216
-1251.86874
-715.24571
-1045.50909
-1036.78619
-1329.59947
-1258.77104
-1763.11834
-912.58587
-644.17991
-1312.93270
-778.03034
-967.04891
-1145.09800
-2486.13446
-1315.99016
-2778.18275
-1788.01752
-1783.91182
-2347.01850
-1198.90121
-1408.53113
-2299.13700
-2286.14295
-1665.43732
-2088.71156
-1630.76532
-2412.04555
-1101.22893
-643.02619
-746.52257
-1027.59886
-1171.87180
-1795.08152
-1814.57028
-1518.60388
-1232.19673
-1507.16394
-1989.36783
-2132.27284
-1968.45281
-827.10888
-1771.93985
-2103.58677
-1266.69456
-1041.61340
-1082.43653
-1308.91897
-1884.20264
-1807.66204
-2083.18527
-1667.57845
-2151.04735
-1602.55149
-1307.64944
-641.22145
-775.73725
-508.56598
-412.19707
-1315.11297
-1033.94990
-2138.95440
-2361.13292
-1758.48012
-1456.77476
-1679.42828
-2308.18626
-1456.77476
-3403.32238
-1456.77476
-1834.54348
-2616.96208
-1841.49074
-2363.91774
-1976.13411
-1981.16344
-2126.30007
-1996.23023
-1209.44292
-847.07603
-1183.85189
-1471.05436
-1255.03555
-1136.16505
-2119.95323
-757.14871
-1610.33839
-2507.93898
-1301.35175
-1184.18147
-1667.67089
-1125.80736
-1515.87214
-1650.23701
-1536.90909
-903.61225
-1757.35492
-1594.92943
-1771.23625
-1692.61773
-1971.20093
-1212.45175
-1423.78177
-1323.76966
-1383.82041
-1237.09496
-1714.65888
-1383.95291
-1464.62293
-1076.03463
-1288.00873
-1674.67636
-954.21547
-1399.88646
-1355.22155
-1800.50387
-1138.88219
-1412.03688
-955.63971
-829.59661
-1813.79143
-1357.76877
-715.30195
-1138.00730
-1388.62353
-1191.69202
-1679.72802
-1020.74707
-1108.35084
-1163.51948
-1108.35084
-1379.73228
-1256.77537
-1702.80591
-1193.75501
-958.53708
-773.26587
-1160.11040
-1074.16404
-1091.46459
-627.77006
-1528.73878
-1608.90685
-1513.83311
-975.15633
-1775.01185
-1477.39265
-1626.13600
-1574.13608
-1653.06267
-1930.89846
-1389.03125
-2376.68034
-1613.65619
-1431.46651
-1116.66692
-1240.84544
-1603.01016
-940.79306
-1366.95343
-1524.82422
-1114.42578
-1963.78888
-1073.17306
-1763.43458
-1367.77581
-1049.53670
-702.39874
-1063.46480
-962.98175
-811.98236
-899.41804
-1403.50258
-1151.03679
-1137.49689
-1179.26031
-1429.21919
-1149.28872
-1191.63780
-1266.52221
-1539.89449
-1008.11641
-962.73749
-1350.76665
-1188.65688
-1413.09919
-1430.57738
-1650.30945
-1304.72409
-1467.21247
-638.09446
-897.21500
-722.62360
-1161.75864
-1387.73426
-854.82420
-1343.46292
-968.40501
-1435.03074
-1246.45474
-1476.64300
-1296.28939
-942.03918
-951.02648
-1068.45703
-925.43206
-557.43489
-1191.10965
-1086.58757
-1209.15490
-1121.76135
-1320.83749
-1408.94849
-1190.51728
-794.48764
-1188.76085
-1454.46849
-2096.36332
-1801.55931
-1441.77359
-1166.94749
-636.49351
-1247.29816
-1168.82954
-818.74032
-1272.78071
-2407.11235
-1590.66206
-1329.89002
-2471.91542
-1269.84990
-1759.80812
-1804.44080
-690.59577
-1373.80601
-1788.64874
-1108.87102
-2189.25542
-1572.35901
-2360.96692
-2211.30934
-1544.18398
-1186.07507
-2392.91190
-1635.65699
-2167.62021
-1645.59471
-1603.40038
-1869.09185
-1918.89626
-1275.72913
-1398.72612
-1057.37027
-1191.26973
-1824.19887
-1989.87355
-1587.66086
-1901.70960
-1299.16370
-1718.03110
-1483.48548
-887.80513
-1333.78172
-1834.77425
-1357.56526
-787.71810
-1590.32888
-1406.46040
-2024.47865
-1011.37806
-1520.52167
-1048.76378
-2101.81122
-2101.81122
-1780.95676
-1780.95676
-977.72790
-1455.94227
-1145.37857
-1374.66098
-1039.83907
-1387.83076
-1566.15382
-1510.43671
-1030.60071
-1296.91596
-1530.17588
-1601.37003
-1235.22269
-1601.84626
-1515.57297
-1603.83136
-2682.61249
-2653.99649
-1099.14274
-1211.90842
-914.51374
-1149.43974
-914.51374
-2221.29248
-2119.89396
-1124.73298
-1979.80921
-2530.66064
-2219.26608
-1814.60844
-2060.45322
-1725.01703
-1473.56501
-1896.19167
-2045.76791
-1405.35405
-1913.61969
-2863.64003
-2741.93666
-2214.08157
-2199.16035
-1901.67997
-1636.63701
-2238.15496
-1276.99335
-2021.98115
-2172.41017
-1881.35832
-1972.99448
-1436.27735
-1800.62343
-1519.66763
-1990.43822
-1945.74397
-1442.21355
-2087.06163
-1830.68474
-1259.90066
-1576.92022
-1784.89252
-1806.14360
-2043.24485
-1188.10768
-1941.18863
-1929.61210
-1992.34353
-2806.35954
-1687.22808
-1550.69259
-1996.48303
-1645.56540
-2640.56792
-1749.48303
-1918.72277
-2259.46320
-2192.87545
-1752.69268
-1592.21468
-2097.78639
-1910.99524
-1103.68367
-1937.80438
-2270.33282
-1932.61193
-1693.12384
-2302.60963
-1621.57480
-1522.91944
-1912.29591
-1733.05574
-1799.40712
-1677.63224
-2440.32428
-1615.36600
-2012.16557
-2539.11731
-1849.43013
-2270.59669
-2270.59669
-1835.19331
-1829.93837
-1773.05857
-1807.81058
-1586.24438
-1331.70368
-1782.76786
-1423.46866
-1653.41559
-1770.92495
-1840.14372
-2058.38914
-1767.75556
-2191.29920
-1649.16092
-2893.06573
-1986.24877
-1000.66592
-1246.42226
-1940.24936
-1803.08238
-1832.06155
-950.12294
-2004.81446
-1643.19828
-1630.46735
-1844.61415
-1631.29027
-1679.66486
-1386.66043
-2302.35081
-1311.16873
-2175.38357
-1560.54777
-1256.54476
-2315.28890
-1804.04624
-1641.79104
-1384.71319
-2654.59516
-1618.33577
-1922.10851
-1477.59050
-1976.34920
-1906.61584
-1398.36809
-1361.83363
-1454.12172
-2065.70988
-1553.19676
-1809.34963
-1313.66651
-1697.73016
-1745.63089
-1751.76277
-2512.66635
-1272.48006
-2123.71090
-2364.78084
-1884.41855
-2667.90887
-2063.35387
-1931.26555
-1465.91640
-2584.91562
-1565.34418
-1308.47335
-1008.99716
-1615.41088
-1523.23260
-1671.77038
-1779.74207
-1462.11942
-1604.41993
-1727.25644
-1359.73629
-707.86773
-1858.63784
-1815.03479
-1736.76300
-1896.89468
-1651.60546
-2130.23067
-2386.16819
-956.80357
-2255.30314
-1664.56142
-2247.72719
-1689.13017
-1565.57478
-2019.81593
-2389.69666
-1837.23581
-2267.38773
-1900.71526
-2269.44457
-1735.27010
-1697.55769
-1457.57381
-1613.25047
-1521.92728
-1226.07302
-1651.76733
-1473.94663
-2115.27673
-1297.92472
-1121.05854
-1739.79095
-989.17455
-1889.00576
-2309.40676
-1524.83267
-1836.39076
-2029.00230
-2231.97499
-1521.17547
-1462.21123
-2203.28108
-1606.82419
-1499.98912
-2259.75525
-1547.64734
-2153.77930
-2029.19553
-1319.16710
-1591.30199
-1810.97163
-1869.41152
-1208.23756
-1083.66862
-2390.89189
-1445.33715
-2079.40503
-2322.95898
-1338.80322
-1372.81077
-2381.02334
-1645.30662
-1947.92688
-1837.88812
-1688.94956
-1210.36211
-2104.10817
-1220.23542
-1444.09191
-1562.08531
-2242.88297
-1374.06920
-2208.42025
-1646.81585
-1450.10231
-1837.61397
-1938.96965
-1801.54909
-1627.32653
-1891.48001
-1855.98841
-1552.34427
-1222.02978
-1696.59007
-1810.83865
-1640.22134
-1898.83832
-2400.97164
-2115.36760
-1330.21631
-1653.10672
-2190.08244
-1828.46020
-1853.59381
-2225.46068
-2523.01039
-1547.31797
-1760.84750
-1732.17103
-1169.30846
-1958.42462
-1229.11231
-1891.08996
-1477.96086
-1914.95899
-1129.31217
-995.00888
-2102.07174
-1685.74622
-2067.84663
-2288.92794
-1702.02321
-2024.75990
-1660.22542
-1621.93509
-1982.89399
-2094.21883
-2313.03634
-1915.81310
-1989.62168
-1823.86214
-1471.35649
-1201.60967
-2654.73775
-2218.56400
-2400.07621
-1655.93942
-1485.54270
-2067.73171
-2185.39879
-1601.32460
-1931.72252
-1943.91112
-1022.08297
-1126.82410
-989.82072
-2270.06011
-1224.32300
-1843.51719
-1444.53340
-1414.61538
-2381.34431
-1307.54217
-1836.68404
-1145.06308
-1909.13278
-2116.81414
-2144.83222
-2271.57731
-1891.01801
-2105.75910
-1045.05200
-1482.78131
-1871.95924
-1730.67813
-1560.90487
-1761.53512
-1619.53224
-1987.78454
-1672.12639
-1473.22590
-1732.67639
-1214.90430
-2524.80732
-1641.70269
-1679.83689
-1867.20201
-1591.56711
-1948.50280
-1370.05717
-1484.06170
-1408.87747
-1927.44093
-1485.81284
-1885.57587
-1464.85302
-2164.30432
-2025.66337
-1463.47586
-1668.95474
-2063.02833
-1453.20710
-1615.57078
-2123.71764
-1637.60212
-1996.03917
-1976.41691
-1219.61267
-1618.64896
-1453.01446
-1803.65022
-1980.07123
-1618.29295
-1536.42295
-1907.51786
-1466.06378
-1531.95764
-2063.55963
-1473.47556
-1335.50762
-2257.32614
-1472.71953
-1850.87696
-1936.15986
-1839.35150
-1565.30959
-1452.95375
-2248.80500
-1439.68552
-1430.43286
-1955.68358
-575.07816
-663.44501
-1997.38023
-1203.84145
-1369.16810
-1444.17773
-1876.19190
-1710.48213
-2429.26047
-2159.35975
-2098.73525
-1755.16180
-1951.50685
-2554.23398
-1586.12560
-1977.88776
-1830.00553
-1538.28836
-1865.24989
-1312.32633
-2362.90191
-1713.37193
-2120.95994
-2086.56188
-1763.48004
-1971.91485
-1802.27474
-1448.72240
-1650.01447
-2039.83137
-1870.94368
-2329.85433
-1631.53765
-2169.18631
-1556.94779
-2228.64266
-1253.97327
-2072.75581
-2014.47410
-2122.41143
-1582.82415
-2144.72704
-2095.67611
-2197.13712
-1903.92959
-1155.26049
-848.39278
-1629.02972
-2291.45322
-1656.04773
-1299.58343
-1587.93075
-1733.94588
-910.26278
-1483.54762
-1337.28550
-1473.08247
-1774.65838
-1342.72411
-1656.12491
-1312.64018
-887.14239
-1672.29567
-1763.47898
-1683.82610
-1659.55105
-2491.81297
-2008.73156
-1937.15746
-1223.90752
-2015.73032
-1263.20734
-1573.87056
-2453.78986
-2176.99359
-1581.01494
-1230.82969
-1108.58118
-1799.58579
-1803.03672
-2268.65167
-1805.36116
-1601.18687
-1518.01537
-1938.96480
-2016.89326
-1760.23428
-2784.29158
-2095.83060
-2105.10111
-1557.44377
-1286.69819
-1821.23507
-1853.01170
-1947.90795
-1802.29203
-1847.34996
-1181.92335
-1442.99952
-2070.89159
-1609.37542
-1613.02603
-1508.14299
-2064.46403
-1612.89102
-2284.84694
-1269.50271
-1365.42552
-1730.75465
-1517.04510
-1567.18603
-1525.74105
-1403.83065
-1737.98667
-1916.58387
-2846.07603
-1591.32387
-1534.85734
-2254.75521
-2012.76513
-2179.14063
-2475.45887
-2067.30436
-1813.11681
-1613.74012
-2053.75114
-1391.29140
-1557.52817
-1575.65571
-1065.32621
-1751.96461
-1601.76859
-1556.87875
-1812.39646
-1893.90545
-1821.57852
-1166.57389
-1384.00141
-1629.20468
-1269.25605
-1328.98582
-1184.29934
-1922.36066
-1839.74455
-2016.87222
-2370.76942
-2086.57490
-1275.08377
-1333.56015
-1128.10491
-2110.14370
-1697.34993
-1104.06384
-1994.89556
-2565.52951
-1312.59163
-635.55848
-1231.11233
-2066.19349
-1834.32856
-1241.71660
-2176.11816
-1140.47784
-1584.17863
-2106.97947
-1567.54626
-1148.30050
-1799.37343
-1199.44286
-1471.48446
-1676.17154
-1466.17434
-1696.66618
-1848.58324
-1772.08934
-1062.30767
-1505.53049
-1591.49693
-1768.41109
-1415.48752
-1490.90717
-2015.30493
-1783.36075
-1666.78008
-1629.59128
-870.04133
-1971.95187
-1485.29406
-1604.49807
-1624.17641
-1668.37855
-1315.05307
-1457.66410
-1929.00102
-1964.69382
-1423.61585
-1827.76177
-1232.95336
-1427.58488
-1457.64194
-1638.45839
-1378.55895
-971.88417
-1663.14352
-2222.17494
-2297.31218
-1861.51407
-1391.51455
-1931.26904
-2231.24847
-2603.27829
-1837.18724
-1191.00581
-1483.96829
-1900.27458
-2381.19423
-1185.13252
-1400.44192
-1218.12770
-1845.28502
-1097.24125
-1542.76072
-1673.43849
-1581.83553
-1964.03847
-1877.59486
-1475.99350
-1248.61020
-1280.07811
-2360.45385
-1498.13273
-1710.59186
-1469.53388
-1397.22028
-1418.66116
-1378.07629
-1780.78834
-1670.19867
-1670.19867
-1675.54382
-2337.96097
-1374.36593
-1631.65144
-1270.11649
-1793.74686
-1753.20129
-1074.78129
-2173.78982
-1543.10289
-1301.72009
-2221.15459
-1522.20324
-2301.48067
-1521.56228
-1734.50679
-1701.74615
-1557.89465
-1651.26589
-1956.67690
-1425.15997
-1751.07664
-1429.55792
-1752.74257
-1396.08016
-1406.77731
-1271.47702
-1432.66093
-1792.10266
-1348.03108
-1274.17828
-2176.03541
-1270.59978
-985.07864
-1011.63584
-1254.95297
-2457.61377
-2334.39009
-1371.32014
-1627.83708
-1071.46743
-1420.95473
-1384.22552
-889.37165
-1224.49826
-2268.17550
-1396.32952
-1726.00414
-1388.71788
-2186.71539
-1340.19693
-2047.24812
-2768.41685
-1941.51764
-1322.86535
-1673.72904
-1454.40591
-1428.92939
-1358.58638
-1366.35357
-2248.57295
-1291.67646
-1801.78326
-1474.56903
-1440.55926
-1372.74424
-968.83086
-1953.22098
-1512.81410
-2083.72930
-2012.46843
-1525.21310
-1104.82572
-1495.19916
-1563.31421
-846.13704
-1564.86834
-1364.19699
-1577.51143
-1645.10635
-1660.37110
-1441.75695
-2573.89752
-1794.42969
-1945.44341
-1387.89122
-1758.81535
-849.52802
-1532.67728
-1593.62180
-765.52408
-1083.19264
-1723.93515
-2006.92761
-1577.97358
-2077.88096
-1019.48722
-2334.69732
-831.53329
-1338.41295
-1602.39079
-1134.21629
-888.08785
-1703.82562
-2055.05066
-1524.05716
-1538.14429
-2089.49928
-1805.40161
-2234.60438
-2225.54119
-2226.04840
-1388.25504
-1138.82654
-1275.36542
-1348.61571
-1249.60723
-1668.35801
-1202.08463
-1644.27330
-1199.72759
-1082.38203
-946.09457
-2043.64809
-2284.39805
-2751.90488
-2364.77384
-2207.28757
-1539.94472
-1852.30994
-2157.90269
-1678.10983
-2058.04117
-3126.07708
-1461.54113
-1743.92462
-1192.00546
-1573.27736
-1562.00004
-997.56780
-1679.56797
-1409.18902
-1793.99436
-1474.36591
-1166.95197
-910.55066
-1545.98167
-1487.49492
-711.64155
-987.34411
-1734.59131
-1414.76356
-1345.04891
-1248.44599
-1633.41459
-1214.62829
-1874.00818
-1525.57707
-944.74780
-1724.95683
-1562.26152
-1861.24018
-1294.47757
-1491.28903
-1177.75095
-1539.60843
-1339.34064
-1388.73230
-1831.34376
-1616.72721
-1119.95249
-2105.12806
-1860.78013
-2382.55968
-1998.95690
-1749.22036
-1276.28212
-598.65446
-1095.80206
-1226.00680
-992.70784
-1207.39027
-1550.26100
-1478.27315
-1842.39111
-1960.39084
-1553.67686
-1433.34460
-1320.87276
-928.72658
-1612.27011
-2075.86570
-1961.19475
-2233.59895
-1904.16469
-1496.11477
-1478.93793
-1895.74011
-1999.47190
-1070.60423
-1106.13851
-1466.21206
-1441.08792
-3105.81483
-1922.72161
-1304.98733
-2257.67928
-1544.83806
-2060.62555
-1550.42533
-1554.57431
-1898.96894
-1690.15310
-1294.38827
-1754.00549
-1384.48507
-1161.78336
-2139.15076
-2488.26589
-1944.21767
-1823.98887
-1376.89376
-2318.08626
-1939.71226
-2306.97253
-2075.12956
-2021.02853
-2011.08313
-1558.19360
-1328.12898
-1316.48374
-2363.90651
-2118.06126
-1581.35070
-1301.02201
-969.41866
-722.54870
-711.65244
-748.27382
-2002.15629
-1236.05947
-2250.48232
-1195.75099
-1852.95999
-1836.34055
-1408.19096
-1475.45003
-1727.72611
-1517.66974
-1555.56096
-2390.37133
-1804.83861
-1820.14450
-2306.31290
-1313.13391
-1149.98055
-1493.26302
-1618.53096
-994.52317
-2075.07667
-1823.74576
-1438.61340
-1625.50392
-1526.54594
-1277.49409
-1097.25967
-1173.29896
-1868.26300
-1623.57732
-1337.78531
-814.67017
-1644.65174
-1582.13876
-1016.58542
-1137.18190
-2196.04671
-1329.51731
-1808.80092
-1548.98997
-960.69384
-769.01997
-1377.29383
-1509.59301
-1446.23611
-1250.06615
-2021.60822
-1698.32479
-1481.51711
-2187.36703
-2082.48632
-1732.63709
-1993.59837
-2176.95870
-1381.28455
-2160.39277
-1434.01501
-2580.88782
-1510.89832
-1792.11287
-1677.08504
-2292.64996
-2730.97073
-1257.04431
-2748.07177
-1798.39525
-1187.77169
-1197.76751
-1676.45268
-1073.70087
-1744.92571
-1358.24636
-1612.10194
-1939.80541
-1797.58283
-1591.54920
-1451.67778
-2727.54918
-1361.65040
-1615.39900
-1091.96428
-990.68779
-1577.66334
-2060.52449
-1323.36768
-1855.19355
-998.99841
-2017.93394
-1867.62943
-1345.07685
-1151.32496
-1732.40400
-1314.14981
-1386.68737
-1790.41437
-1850.79705
-1515.97840
-2144.62026
-2627.63764
-2411.10644
-1341.51357
-1512.31311
-1920.81046
-1723.45352
-2235.71623
-1060.30512
-2394.47832
-2295.00800
-1062.53457
-1391.32723
-1283.45052
-2111.24772
-3662.67112
-2232.85231
-1289.14659
-2387.23833
-2146.47652
-1131.70267
-1956.46983
-872.36000
-1398.91717
-1867.05953
-946.49096
-1265.55625
-1180.00030
-1110.57143
-1348.89833
-1160.83008
-827.74693
-1829.05484
-1315.35826
-1716.98659
-881.02610
-1472.61608
-1097.01246
-1402.93782
-945.89191
-2302.35109
-945.55005
-1439.05574
-2014.26092
-1368.12776
-1856.51223
-1890.45567
-1285.33509
-1700.27391
-1407.97962
-1840.32218
-2042.18270
-1626.41887
-1434.68845
-1076.62866
-1693.59361
-1209.89027
-1579.08718
-1497.54380
-1692.79639
-1047.18981
-1444.93231
-2184.89513
-1358.18136
-1418.50583
-1931.26108
-1948.58985
-1322.88571
-1488.54798
-1456.73964
-2740.27452
-1173.63501
-2089.70858
-2206.13722
-1450.25527
-2178.68679
-1892.53530
-1857.83780
-2020.75227
-1268.97053
-1050.34180
-1855.50851
-1733.72066
-2945.26561
-1860.03804
-1521.99375
-1548.69993
-1431.14053
-1427.95486
-1758.80569
-1499.05438
-1418.12906
-1449.75359
-1438.87367
-1765.22741
-1472.07413
-1108.21553
-916.94241
-1869.11860
-2625.88718
-1049.70468
-1275.35474
-785.68169
-1203.86256
-1521.26336
-1336.76695
-1412.61596
-1503.79600
-1543.82986
-1179.77358
-1199.47704
-1176.43386
-728.35596
-2503.58251
-1360.77333
-1787.98513
-1731.14819
-1367.92011
-2093.05762
-1794.76631
-1294.60129
-923.53967
-869.78455
-1578.12650
-1106.48570
-1904.84417
-1243.72561
-1845.85278
-2239.39015
-1795.26485
-1630.10942
-2195.14728
-1373.59912
-1672.74548
-1482.78338
-1867.76977
-2177.38903
-1892.16476
-2282.22525
-1521.07156
-1680.76056
-1472.80808
-1246.25602
-2210.25809
-2271.14223
-1576.37473
-1770.92413
-1948.74598
-1244.06376
-1261.58317
-936.45112
-1793.48711
-1535.87820
-1930.29166
-1855.92914
-1359.83539
-2023.18913
-1978.54396
-1844.80187
-1186.94812
-1931.68231
-1354.95335
-1737.18986
-1065.24593
-1719.31882
-947.80033
-955.77109
-1383.96863
-1705.38130
-1415.65989
-1388.41270
-1446.69705
-1264.42757
-2321.20308
-1050.30168
-2111.73138
-2199.54952
-1256.83469
-1948.64923
-1734.10234
-2867.59720
-1472.35027
-1672.72085
-2042.10498
-1852.81512
-2261.10579
-1483.79402
-1945.82488
-2203.91419
-2135.74725
-2091.34097
-2078.95823
-1254.91671
-1991.73697
-1582.26209
-1153.03647
-1608.25032
-1955.70033
-3274.92918
-1808.96041
-1459.78558
-1505.53266
-1983.22776
-1801.82582
-1186.53005
-2415.80641
-1685.06051
-1685.35300
-1569.47528
-1446.03369
-2918.27582
-2495.31677
-2516.54215
-2104.24405
-1364.30051
-1181.07129
-857.28716
-1800.09939
-1853.24960
-2102.11017
-1384.76978
-1675.09347
-1874.44169
-2192.57901
-1332.43219
-1409.88361
-2342.49641
-1424.25663
-1004.86434
-1642.08788
-1384.22160
-1588.83146
-1560.83686
-1309.98062
-1152.17363
-1507.72694
-1496.38227
-1142.70590
-1425.18776
-491.23817
-1406.02737
-1203.70043
-1556.65433
-1986.08349
-1592.22114
-1473.97998
-2485.50871
-1160.82571
-1522.30344
-1557.19770
-2481.17574
-1875.13021
-1591.56966
-1790.73793
-2109.00538
-1732.91512
-1921.48568
-1700.55303
-1473.31875
-1133.68718
-1388.91902
-1605.23261
-2286.04010
-1886.88738
-2079.34625
-1974.34911
-1920.32035
-1346.42308
-1838.18956
-2133.18439
-1491.19596
-1716.95615
-1098.01000
-1915.42113
-1638.21732
-2030.10230
-2173.18634
-3433.22163
-2534.55449
-1524.85943
-1419.64719
-2165.36543
-1281.06703
-1701.70261
-1464.86032
-1380.87082
-1723.62544
-1350.80652
-1208.66417
-1430.44627
-1405.05929
-1350.64724
-1146.58866
-1467.31357
-965.23200
-1725.45179
-1700.02198
-1350.12480
-1452.61582
-1802.22155
-1012.30955
-1321.40386
-2451.34722
-882.89165
-1708.02953
-1394.67413
-1254.06067
-1635.75570
-1684.75832
-951.30924
-1387.39661
-2822.67240
-1085.29124
-1136.49627
-1109.50577
-1361.81917
-1122.84425
-1158.84541
-1457.04952
-1850.07414
-1093.02156
-1680.15032
-1528.47139
-1144.07316
-1166.27856
-1354.83486
-1272.18886
-1357.04429
-1326.91378
-1541.07490
-1672.82657
-1423.51780
-1933.91861
-1756.38375
-1351.49576
-1922.51660
-1817.89716
-1659.62084
-1475.38393
-1900.39962
-2294.66667
-1283.14646
-1210.64948
-2033.38154
-1285.09597
-2384.38899
-2059.10272
-2179.69916
-1436.46055
-2282.63932
-2011.28621
-2013.41109
-1836.66494
-1373.39032
-1451.09953
-1372.42976
-653.58216
-1923.53465
-1559.96100
-2715.14209
-2342.02234
-949.19625
-1755.19733
-883.08038
-1985.77580
-1828.45472
-1358.98240
-1502.42865
-1564.97002
-1909.44745
-3162.76918
-1719.34802
-1872.62823
-2710.10347
-1587.67732
-1646.78111
-2017.64105
-1564.08164
-1313.85350
-1769.33288
-1459.44567
-1215.62700
-1395.40536
-1012.25900
-1716.43782
-1960.34935
-1519.20303
-462.68705
-1497.38124
-1359.11759
-1084.97065
-1388.07264
-780.98348
-1175.91950
-928.64245
-1594.91376
-1056.29958
-969.52003
-1141.83541
-1683.51650
-2151.37438
-1037.78758
-1369.42302
-1585.37974
-1406.57609
-1007.30410
-1956.84593
-1722.00990
-1806.58997
-1997.21186
-1934.88463
-1119.24773
-1126.78321
-1144.72890
-1123.98621
-1289.62154
-1307.14663
-1157.80679
-1426.47213
-1107.40927
-1212.83156
-1170.25568
-1146.17295
-1707.04752
-1780.38819
-1809.11058
-1897.44590
-2000.56573
-2550.50408
-3595.04928
-1742.99164
-1673.92921
-1508.79485
-2317.31409
-2841.58821
-2446.91937
-2464.92958
-2914.58483
-1596.35710
-1541.22644
-2580.56768
-1456.89610
-1501.72413
-1953.38883
-1788.64126
-1080.60444
-1226.20467
-1123.04732
-2050.30956
-1073.35838
-1063.18213
-1943.80268
-1870.75804
-1303.98758
-1685.38064
-1084.70993
-969.57245
-969.57245
-1383.89492
-1138.48510
-1104.53068
-1833.92253
-1178.03977
-1789.99027
-1767.60437
-1544.58791
-1377.03214
-1667.24739
-1754.25553
-1534.77502
-2161.33196
-2270.35916
-1386.56912
-1420.24141
-2301.61932
-1980.82920
-1905.10664
-1723.60723
-2012.33942
-2011.67187
-1757.34419
-1801.54026
-1945.71339
-1027.22648
-1456.07104
-1619.18749
-1558.61469
-2824.05921
-2214.45964
-1252.00211
-1001.62063
-1338.88535
-931.32204
-1415.32021
-1130.38846
-1633.99779
-1911.13882
-1083.51804
-1867.95330
-2319.94809
-1907.05839
-1417.79269
-2933.73718
-1208.09007
-2124.63199
-2162.29659
-1347.22505
-1692.04361
-1499.39545
-1475.72363
-1946.17931
-1280.25542
-1413.39869
-1831.33211
-1025.59929
-1525.97606
-1887.76345
-1771.35326
-1650.70789
-2048.99182
-1060.74530
-725.84949
-1740.98444
-1422.18842
-1357.08462
-604.54093
-1068.12852
-1430.30581
-2358.22852
-1223.32510
-1254.65911
-2218.53081
-1452.92980
-1180.08722
-2495.69591
-1645.92235
-682.98939
-1669.80811
-1222.33277
-1225.86427
-910.11264
-1578.10724
-1361.49875
-1274.14336
-1509.07480
-1073.26830
-1707.82126
-1465.90447
-2973.28039
-1141.80263
-1685.36542
-2221.78710
-1826.37782
-1687.61954
-1424.01235
-1409.22682
-1819.47999
-1211.91893
-1741.51161
-1904.64781
-1555.87292
-910.74628
-1019.95224
-2188.77238
-1327.25834
-1249.37864
-2007.77428
-1701.05238
-1953.05945
-1260.10663
-1396.60345
-2213.73326
-1467.86561
-1271.97123
-1350.00757
-1139.94843
-1344.35471
-3608.14254
-2958.45638
-2879.25258
-2888.05930
-2290.22704
-2627.98578
-1383.95174
-2043.89090
-2044.30012
-1950.42791
-2217.77011
-1718.66130
-3054.80406
-2085.32527
-3048.58038
-2915.34893
-3316.59092
-3096.77357
-1816.73769
-1544.50020
-1674.65015
-1504.14098
-1704.75705
-1533.85547
-1497.00111
-2146.25068
-1483.15912
-1319.98938
-2116.80976
-1402.98303
-3467.68624
-1051.15039
-2355.35646
-2159.89137
-1570.66563
-2368.01875
-2010.94507
-1874.70569
-3495.90423
-2644.35953
-2552.15669
-3367.18498
-1531.11761
-1304.94600
-2226.66780
-1428.00818
-1216.35301
-811.65152
-940.50124
-557.53386
-998.85704
-847.80154
-2195.88741
-2244.67327
-635.75964
-911.41915
-965.24492
-1708.09527
-1432.13965
-823.87583
-1330.49217
-782.43321
-713.52735
-745.13904
-187.41787
-232.39148
-733.52355
-379.03494
-911.25928
-1342.71340
-602.90916
-866.01254
-1129.64304
-841.48172
-1407.24202
-933.99752
-1335.78075
-1050.08523
-1886.86808
-858.03299
-495.26760
-837.64195
-1263.50873
-1644.00232
-1449.01348
-469.29318
-1241.84570
-1881.72239
-1002.74777
-765.78922
-1053.54187
-409.56848
-421.83666
-313.43254
-1047.82652
-412.31459
-803.06384
-970.78165
-1159.49944
-1007.49038
-784.28878
-1157.94196
-408.44777
-1485.30841
-452.76810
-2674.88465
-981.03264
-1117.56702
-726.97368
-503.62700
-2480.44210
-971.61330
-1044.19472
-603.14563
-18.59187
-1452.00582
-1393.64680
-1228.48760
-965.92079
-757.65276
-1182.96898
-1729.99841
-1635.08105
-1223.61252
-858.79521
-2475.40070
-665.42260
-505.37344
-588.24367
-1016.70130
-668.65186
-735.50862
-723.94440
-988.74626
-909.29389
-147.29897
-645.13349
-198.10849
-1689.32601
-1161.85574
-580.55530
-387.71798
-196.01913
-765.98049
-1164.52304
-778.89953
-1006.26793
-589.11154
-377.35951
-324.31523
-606.50333
-451.88982
-563.72314
-818.56491
-405.03430
-1238.84516
-961.71157
-1105.77296
-1269.35369
-6565.77127
-243.89484
-438.39173
-1222.05869
-1430.45864
-850.37495
-1403.27750
-929.58987
-1476.64954
-1342.70861
-936.74822
-1635.34468
-1278.07419
-1285.45336
-733.54939
-951.70773
-409.91953
-1445.53789
-1859.61744
-442.65801
-1243.90273
-700.43768
-988.28969
-692.14923
-1325.08615
-574.53185
-976.76199
-854.26940
-888.58199
-615.49588
-362.36932
-1085.02848
-1120.73846
-633.62447
-268.56911
-1631.53510
-1748.96548
-1480.25229
-1383.96846
-1070.55543
-189.92929
-825.60473
-1181.79597
-1218.12373
-893.78652
-874.26846
-428.64754
-146.50080
-189.38021
-1802.17233
-287.46026
-1154.15834
-818.35753
-795.03698
-1854.15068
-1520.59979
-1002.29176
-705.90613
-1006.71476
-552.71703
-652.66659
-888.69779
-892.40130
-907.39221
-1222.78208
-1404.97566
-806.34440
-455.16653
-605.50332
-1084.99571
-1004.17424
-899.05012
-676.76418
-580.18411
-1490.79126
-594.90459
-547.58359
-1415.02321
-671.32922
-713.35769
-566.19037
-212.15312
-325.32436
-1299.71030
-998.81297
-555.80558
-301.37662
-455.77023
-127.26793
-51.59010
-162.42698
-579.31911
-1067.07360
-195.64159
-630.85688
-1316.92840
-849.54247
-566.25145
-830.58494
-43.62991
-806.69060
-444.50347
-261.57835
-518.03774
-165.71738
-1321.36656
-69.73948
-337.66195
-354.56908
-354.40831
-604.30158
-91.67613
-175.90991
-338.35729
-1063.68674
-751.55046
-623.70418
-768.64727
-2024.22467
-915.82511
-1795.55675
-802.26928
-1490.69699
-609.47680
-1853.81838
-639.87277
-1027.89426
-1073.66217
-1100.08859
-1847.56569
-407.09606
-2271.83109
-746.80954
-851.38604
-615.12721
-592.40547
-1013.67887
-1399.31644
-1583.15577
-2486.44601
-658.69410
-1581.61299
-2292.13536
-563.96847
-1081.49958
-185.27777
-1436.14393
-1383.93044
-1285.45049
-393.98341
-1002.13784
-1791.61358
-530.73628
-601.79037
-2635.51027
-943.53888
-362.58031
-695.38032
-547.41169
-1423.14739
-799.78765
-756.63007
-109.93525
-323.45687
-569.69837
-1025.49031
-1190.15589
-518.22557
-750.77054
-1075.38604
-679.93287
-762.98744
-1563.05086
-377.61687
-983.02738
-1267.38425
-1026.23605
-717.15775
-701.76069
-872.34474
-1411.83129
-343.98261
-763.00450
-53.10564
-711.48951
-1042.73997
-864.75718
-2081.36538
-640.96190
-1813.37251
-846.35462
-536.48768
-2124.87490
-966.77051
-931.99099
-1206.50912
-966.95531
-875.19378
-1072.78844
-1054.59602
-433.34418
-911.94799
-737.96029
-765.82540
-375.51107
-520.75479
-369.15264
-695.04138
-457.98800
-1031.25882
-664.93989
-1162.83762
-802.17144
-744.61190
-877.93747
-1699.53943
-513.07787
-360.55933
-923.69846
-989.77085
-1438.90350
-3331.13369
-475.35129
-916.90137
-1653.65752
-366.06738
-443.57208
-1407.03291
-937.35733
-450.13987
-841.73620
-1425.06709
-577.06819
-1144.02942
-995.01403
-1376.19081
-571.11718
-220.13176
-1158.07230
-310.89717
-613.19645
-378.60591
-1112.09545
-651.09227
-647.92064
-1130.27836
-468.03903
-1015.67974
-759.63589
-559.58784
-151.00367
-304.83173
-671.30729
-762.35168
-268.11573
-288.51731
-2558.91889
-197.50562
-117.73252
-434.97061
-1690.78844
-229.02888
-176.86259
-195.74682
-882.10664
-398.49233
-414.68349
-212.68816
-248.28884
-136.53409
-468.00820
-300.86991
-208.61584
-195.23963
-338.01199
-412.70988
-737.54171
-447.03863
-1117.39132
-352.54969
-359.57336
-249.55082
-278.77928
-358.01738
-661.01835
-1341.20207
-1101.44140
-269.81989
-273.38424
-630.19568
-1314.77797
-719.54871
-672.86563
-1622.95534
-1076.79751
-1121.05054
-1328.13631
-840.38761
-481.32654
-1322.20811
-767.90797
-767.90797
-1452.58175
-628.51105
-2523.00835
-1127.83031
-1266.16320
-1111.83257
-1596.14846
-4615.67945
-712.33973
-890.73074
-331.28211
-397.30106
-1243.78707
-752.86699
-666.64043
-520.73357
-354.19787
-465.34486
-664.05534
-1568.99873
-1242.44510
-1585.95183
-1180.80452
-352.70482
-1503.10993
-1423.44211
-3934.60951
-834.43278
-603.97810
-655.64164
-1064.78540
-357.75824
-1305.33891
-935.17083
-1525.24801
-474.72610
-2506.96901
-274.35693
-677.81618
-530.41701
-1036.43983
-1140.63244
-1188.43453
-392.46628
-1022.49640
-1320.08520
-422.16330
-518.84738
-800.08400
-2909.69849
-764.71401
-846.17710
-1890.08420
-811.98425
-504.75073
-1120.38852
-473.91144
-1169.02474
-617.38260
-1810.24244
-1047.19223
-1082.81404
-1595.82536
-276.53719
-775.61126
-215.89380
-215.89380
-587.27812
-823.77947
-536.46750
-439.69881
-1945.78977
-2082.09503
-938.02376
-789.87058
-243.62805
-671.65591
-1363.16378
-1246.61783
-2544.77658
-419.89683
-285.47181
-757.52244
-1154.23467
-1575.96241
-442.66789
-218.95561
-327.05557
-1082.26883
-331.37240
-331.89434
-381.92906
-1027.16203
-841.60993
-234.97837
-494.79057
-959.64849
-809.28312
-211.26357
-295.36382
-173.47100
-328.58710
-192.04170
-126.40298
-322.62916
-469.23457
-589.72508
-489.65882
-324.86392
-718.25285
-282.73600
-236.79130
-795.21655
-277.76082
-195.72262
-288.84478
-64.75787
-143.50596
-391.63782
-126.92343
-1428.83598
-704.91411
-163.83822
-1105.68649
-431.10622
-1189.97727
-1656.27300
-1428.44015
-1513.47043
-1132.18260
-1824.98136
-2286.81427
-410.96062
-710.11654
-1788.97241
-1002.67492
-1825.31442
-279.21932
-711.25186
-310.24101
-1404.40312
-2282.53222
-746.55548
-1652.81705
-2503.56733
-1875.36982
-2044.29087
-1787.04728
-1315.58388
-499.66620
-1765.52596
-1494.67392
-1439.08870
-2538.72223
-2542.66212
-904.78399
-645.56517
-534.05000
-3838.52621
-1030.46538
-172.75542
-1357.15967
-904.02448
-240.56335
-1777.79060
-833.16209
-377.39471
-982.78752
-693.21228
-1149.60947
-1176.10051
-968.76684
-959.39428
-416.22433
-549.31974
-1196.88127
-705.80798
-1600.44960
-532.02426
-1181.21468
-661.21356
-599.85629
-1206.47899
-792.99607
-952.55254
-395.61012
-1393.37707
-1000.42181
-432.92132
-1549.04925
-421.73061
-204.43226
-1248.71867
-105.06224
-1004.31443
-529.91356
-182.23333
-1112.28683
-1112.65412
-750.68806
-850.64786
-714.06776
-339.81741
-608.19747
-2070.60209
-626.90691
-1112.00169
-1347.66997
-453.58618
-2247.56849
-733.86461
-566.85115
-349.51645
-64.14363
-434.78758
-219.16612
-1076.13587
-179.36193
-548.99941
-551.49081
-2176.20401
-402.56936
-1486.14320
-288.32103
-567.56048
-1248.04742
-359.06000
-462.30831
-1694.08622
-858.62636
-1830.18218
-969.04955
-2133.81794
-927.72863
-1930.98976
-512.60730
-395.25370
-624.05582
-919.77203
-963.99519
-376.57873
-826.16713
-687.91110
-881.63339
-508.63790
-887.01857
-1798.21924
-498.31680
-969.15970
-1012.15978
-1053.58562
-2031.58010
-1171.93700
-739.25809
-2888.23351
-1372.91392
-1593.66836
-1062.03530
-1412.74776
-335.09043
-965.35699
-843.84496
-909.46843
-710.25243
-629.44228
-845.14108
-609.91984
-222.53332
-2155.35495
-2471.93623
-613.42054
-969.54953
-1818.75024
-831.47465
-1217.07879
-838.16920
-1568.51309
-1130.43777
-993.92998
-1526.32199
-2100.68091
-494.86808
-579.53344
-960.56074
-572.68716
-456.92353
-511.52201
-614.14350
-315.58868
-1213.39080
-699.04309
-1358.52240
-952.64525
-1118.87666
-762.61233
-427.37486
-974.26274
-2588.21940
-441.44137
-954.22144
-1972.42569
-2592.00835
-1896.23455
-1152.12762
-541.30766
-654.24591
-2429.41584
-1388.65431
