-2169.70864
-1429.90090
-1663.89762
-1099.32580
-442.21981
-2174.78775
-1371.75846
-715.74295
-1473.91687
-1899.04216
-1311.84073
-2265.73916
-1732.13704
-1929.07244
-1033.21979
-946.37059
-1095.58782
-1743.06371
-1249.97792
-1470.28180
-1297.74870
-952.73764
-1492.99803
-1629.25184
-926.53978
-989.99532
-1968.32042
-2595.52925
-1018.28316
-2826.91048
-2826.91048
-1634.58346
-1294.65711
-1533.63915
-1724.27040
-1237.20167
-1746.08080
-1968.73572
-772.54055
-1533.44932
-1526.86063
-1527.08257
-753.80207
-1553.18056
-621.28192
-1244.20743
-749.76368
-1187.15804
-1490.14111
-1033.55919
-1703.48081
-1970.94436
-1409.03584
-1071.53399
-1352.15055
-1388.06359
-779.82321
-1340.11988
-439.27677
-1737.16831
-1468.36242
-1546.05326
-979.98445
-1204.74692
-880.83427
-1050.26019
-892.83494
-733.84753
-609.39553
-1608.55712
-2009.91287
-926.15871
-2009.91287
-1313.08202
-924.24234
-1106.82245
-963.90933
-1901.35480
-689.37353
-1721.29706
-1287.86507
-1433.85117
-1559.85593
-2226.69893
-1750.01913
-1503.49233
-1213.46071
-1268.50699
-577.46840
-1273.57320
-1076.94363
-1299.08304
-1036.15952
-1573.81395
-829.30664
-1573.81395
-1762.83578
-1039.77165
-935.82028
-820.82584
-1066.05584
-2044.93779
-1276.83552
-2132.27881
-1967.86133
-1863.90996
-1593.50377
-2479.04902
-2963.61770
-2978.14084
-1509.99204
-2605.91927
-2605.91927
-1879.85778
-1214.24714
-2759.13475
-1496.43996
-2080.44786
-2032.57088
-1381.88232
-1885.04641
-2112.22106
-555.05521
-2740.61279
-1636.34477
-1506.86806
-1601.40277
-1629.25706
-4724.69569
-1659.28026
-1455.79711
-1631.94344
-1222.21579
-1720.69402
-1392.57172
-1422.42040
-1932.09914
-1115.55041
-1341.57457
-914.37540
-2672.52728
-1420.79042
-699.19475
-2280.75060
-677.55377
-972.09978
-1912.96352
-741.21805
-1049.61949
-1279.95239
-570.82581
-1014.51465
-1809.44908
-952.07246
-992.48008
-1279.88713
-1170.45440
-1740.46667
-1519.85033
-1044.10950
-1884.33643
-1050.13640
-491.17280
-812.67874
-1187.10866
-1371.95568
-807.50828
-1071.67163
-1058.60237
-1172.69740
-1536.90700
-903.52767
-816.82690
-778.02652
-1532.45756
-1311.61584
-1265.65323
-1775.12002
-1561.22580
-614.94214
-1362.20196
-2252.60750
-1183.34559
-1101.62824
-1406.18389
-823.21797
-807.89960
-775.26659
-1160.85542
-1870.48064
-1308.41031
-1350.41772
-1046.52203
-1718.53932
-1557.65719
-930.93093
-1102.56220
-970.37887
-1660.04166
-882.09732
-1123.28371
-1123.28371
-1086.40230
-956.23135
-1184.44371
-1448.67388
-1765.36269
-962.36143
-1122.37644
-1171.92887
-1129.04724
-1626.79682
-669.49851
-989.50643
-1683.16340
-665.90561
-953.48723
-704.93069
-1292.08585
-921.53016
-739.34584
-1172.83676
-852.58082
-225.24561
-924.40767
-882.43984
-1309.53498
-1357.63610
-1127.31322
-1076.32135
-1366.94064
-1016.16753
-1043.52187
-823.21221
-895.18725
-1043.76887
-925.62604
-1639.68422
-1355.70407
-3688.96759
-2135.48225
-1311.67978
-1329.66635
-1415.01267
-2104.02356
-1105.32187
-2346.80915
-2142.11378
-1084.62862
-2169.89287
-1262.13412
-2120.95261
-2312.06104
-981.89226
-1979.43106
-1686.16333
-1537.19470
-1547.08719
-1648.72419
-1710.37499
-1909.69987
-1362.78589
-1477.95181
-1284.35610
-1766.70836
-1336.91637
-2389.02303
-509.35018
-953.65126
-1329.65452
-1539.78627
-1929.08507
-1645.79940
-1856.11540
-1716.91010
-870.90305
-633.87642
-837.60305
-1303.99616
-1556.62839
-1214.57825
-1723.85818
-2443.56404
-3152.90489
-2074.64456
-752.71677
-968.64815
-2044.10655
-1663.89714
-1764.48752
-1312.26727
-1611.83301
-1320.86291
-1151.91923
-768.25012
-1258.16938
-1365.37373
-2592.23937
-1500.49588
-1211.82475
-1194.93350
-815.40245
-1485.53590
-1485.53590
-1959.52134
-1540.28008
-1540.28008
-1380.37114
-1346.84771
-1990.20067
-1033.87186
-585.72692
-1027.65621
-801.51185
-949.98734
-1166.97012
-901.58573
-901.58573
-890.82473
-1327.27483
-624.27484
-1046.33579
-1078.08378
-1509.56040
-800.24277
-1819.65303
-1578.28506
-855.72027
-511.80681
-1559.70596
-1176.51059
-1728.40962
-1427.89986
-1591.92526
-1167.83064
-1010.48880
-749.02713
-725.25937
-850.07478
-850.07478
-1041.41173
-960.69221
-1196.55452
-835.15009
-670.96557
-1163.63457
-1159.60838
-1039.65655
-1146.07187
-612.60508
-1037.71078
-1121.88878
-1216.99766
-1662.34408
-1313.06101
-823.17033
-689.93596
-1374.64233
-1164.78043
-974.25101
-1044.57872
-855.62938
-1579.68014
-1536.71611
-659.78602
-2083.99238
-997.23722
-1367.91484
-945.74673
-750.89067
-1408.23390
-1268.59863
-742.28217
-888.85831
-2267.00356
-1018.42421
-2489.20866
-1780.70642
-611.74428
-798.88245
-1346.48411
-486.61405
-901.92963
-537.84744
-704.26404
-629.41600
-490.94329
-1523.01118
-785.99429
-1523.01118
-1013.50694
-691.65665
-1211.39258
-865.17817
-761.97941
-1218.55049
-485.99296
-646.19096
-1750.35583
-1266.94050
-1637.10233
-1076.17706
-1586.78867
-892.38652
-1174.54117
-531.45837
-1503.92274
-1756.21172
-1194.19159
-992.15741
-807.07581
-2412.99253
-989.72540
-570.62001
-1544.80666
-1082.58025
-771.42819
-2020.84078
-1758.26136
-2595.81405
-1054.58969
-1357.69745
-2338.24075
-1184.56169
-1087.43930
-1183.74243
-1285.61820
-2154.63871
-1941.52149
-1252.07267
-1373.18101
-923.19594
-1742.44987
-716.07950
-2032.74628
-1341.14265
-925.43986
-1268.69900
-1572.74353
-2285.08771
-2725.42347
-2110.25104
-1928.60326
-635.98423
-1648.99614
-1303.88719
-708.29040
-1113.46425
-2711.20482
-2388.02014
-1949.97598
-1957.06352
-2323.85332
-2818.36353
-1997.86783
-2148.23953
-1670.39154
-1610.26530
-2077.34732
-2749.04898
-1234.34498
-1973.68418
-836.36066
-925.17479
-1880.45760
-1154.74652
-844.92209
-1742.24534
-1867.42266
-1673.01633
-1057.29191
-2090.31428
-2388.08247
-2017.54154
-2758.72110
-1533.62721
-1195.47002
-1507.10187
-1637.78053
-1652.50247
-2217.83005
-1235.24259
-1184.42727
-1771.44425
-1456.99558
-569.67629
-985.63788
-1570.13068
-1396.42561
-1759.46311
-1387.09109
-1177.54941
-2255.48332
-1370.72702
-1133.78667
-1996.33639
-2503.48232
-1071.67478
-937.36536
-1975.48474
-1335.43823
-1529.20324
-1347.45811
-1703.78993
-1269.29789
-1139.57924
-1593.92942
-853.23450
-629.96770
-1161.31525
-1224.35701
-1717.71272
-1500.52307
-1036.36223
-1257.65373
-1257.65373
-1662.47744
-952.07978
-763.54217
-1205.60407
-1103.33733
-1524.12302
-1607.46175
-2341.81608
-728.64561
-1812.29185
-823.04416
-310.33115
-1626.31227
-354.83231
-1123.54315
-1548.95015
-1127.66461
-1037.48610
-882.83574
-1141.01172
-1652.36101
-925.47975
-874.80732
-1362.69921
-1539.53429
-2729.78629
-762.90852
-1509.01871
-1427.40842
-1375.13869
-880.93742
-725.45143
-713.46191
-1314.98712
-635.37959
-1779.91396
-815.45423
-901.63531
-1075.74473
-1137.90418
-1721.52911
-1281.89648
-750.15350
-1182.88620
-2265.06556
-1094.58601
-1673.66829
-1451.29057
-1020.12476
-2520.67229
-1005.88538
-958.73735
-403.92200
-1050.78338
-1219.53682
-795.26796
-1124.30858
-648.79999
-887.77635
-887.77635
-1429.29712
-1414.17450
-2120.17877
-918.53355
-1167.36591
-873.73693
-1462.34518
-1266.76808
-498.18735
-1023.94456
-835.83941
-1090.24210
-1313.92107
-1556.33352
-1947.16222
-623.82542
-1712.33307
-1273.24364
-791.75912
-1191.82435
-1611.73352
-1239.96980
-673.05404
-782.44807
-298.97191
-292.77726
-1670.82702
-1238.55334
-866.16614
-273.78531
-527.83863
-1248.03030
-908.54254
-725.38606
-816.69994
-729.17049
-527.83863
-932.64251
-578.42841
-1164.03797
-729.17049
-816.69994
-1829.46024
-1074.46473
-964.55360
-747.04699
-1226.61010
-1674.18233
-929.81586
-1780.12107
-1515.61198
-1756.13719
-1792.26937
-1163.99883
-1251.24582
-1686.35399
-527.75533
-802.31042
-1303.66806
-731.44660
-2307.12376
-2440.91345
-3017.37386
-1179.58453
-2029.39986
-1252.66015
-2094.94070
-1739.02596
-1027.94072
-1833.13064
-2703.85871
-1834.69333
-621.32562
-1019.22893
-2514.48393
-3294.56634
-2162.29075
-784.13402
-1253.44228
-773.02186
-1587.47212
-2887.81994
-1642.52187
-2115.64931
-1362.21091
-4661.50671
-1681.59784
-1529.56032
-1649.19557
-2685.74013
-1619.70956
-1186.96348
-616.22656
-296.19418
-1504.34414
-1538.68451
-1519.20983
-2406.70896
-1957.93190
-2590.50497
-3333.40436
-1257.22034
-1962.63000
-2151.65358
-2260.17427
-1545.28480
-2599.51801
-1562.13800
-2455.00847
-1623.88285
-1387.99236
-2765.31606
-1177.42295
-1396.48147
-1621.88635
-1553.00675
-1937.72540
-3054.07798
-1812.70571
-1399.83510
-1572.12916
-1905.81780
-1724.90668
-1049.49997
-1861.23009
-1476.54276
-1917.84925
-940.75167
-1036.36332
-2573.75634
-1948.22352
-1662.53689
-1398.51252
-1250.88690
-2110.81154
-1798.18095
-1303.43151
-2072.39216
-992.24393
-868.20187
-1428.31667
-1887.01474
-1176.47620
-1739.50381
-1793.25628
-944.87988
-1293.47838
-1354.24478
-1952.55154
-2266.05555
-1222.06342
-1173.95439
-2336.06684
-1280.96666
-1840.74738
-1656.21193
-2469.33481
-857.71866
-1245.29778
-2160.97262
-1265.58802
-1127.18627
-1257.26679
-971.68105
-1347.86618
-1816.40720
-1178.34580
-1398.75343
-1636.34130
-1877.21784
-2067.61454
-1500.10934
-1891.08261
-1678.70026
-978.34576
-1285.26617
-1644.31206
-949.47455
-820.56912
-1051.88492
-1038.42655
-1514.87754
-1263.98612
-1048.54140
-1282.60285
-1953.49547
-1129.94555
-1159.95971
-1354.12891
-1354.12891
-872.59757
-1077.67720
-572.77807
-1020.69353
-1056.48831
-1480.13066
-1234.63072
-1814.57645
-879.57494
-2029.80117
-1238.95945
-1775.45384
-555.93846
-1606.72774
-859.21980
-1624.81450
-1403.59695
-2062.54392
-834.95721
-1400.88753
-1101.32185
-1405.22874
-842.39524
-1449.30196
-1822.10119
-2107.85677
-1502.00018
-2315.51754
-753.92983
-1732.81990
-1249.92289
-2041.08641
-1790.97761
-1290.48879
-2098.83793
-1373.19518
-1735.13629
-1943.82358
-1851.97140
-1646.05663
-1610.33871
-1577.70069
-647.67474
-699.63218
-1090.62151
-1090.62151
-1123.36755
-985.64584
-1627.62669
-850.35588
-1622.53936
-1795.22870
-1724.32552
-1688.58969
-1465.04887
-1301.42029
-1990.81323
-1338.24125
-1734.57736
-980.66449
-995.03660
-2434.34374
-758.32173
-1065.36545
-858.48423
-695.95455
-973.36785
-834.01968
-1456.48840
-912.65879
-723.53065
-506.05874
-1669.69214
-1187.24312
-858.01022
-676.19338
-2452.15916
-795.13016
-1494.34569
-1309.70842
-2330.74050
-1502.91096
-1640.52376
-1088.72391
-1253.09773
-1785.98037
-847.02859
-1922.24239
-851.42104
-2320.86121
-1650.13538
-1319.89601
-1908.96621
-1401.77510
-1503.62271
-1608.21478
-776.99311
-776.99311
-1215.51812
-1352.19167
-1154.42551
-760.22269
-606.52532
-1648.55263
-2208.25126
-503.53621
-812.64298
-1748.65982
-1051.86356
-1256.36687
-1451.71359
-1550.12769
-917.39352
-996.84836
-1200.24670
-1652.31129
-698.15068
-773.19629
-1515.94521
-911.11001
-622.17729
-627.89948
-366.57549
-526.03564
-557.67081
-843.40650
-1010.27034
-1351.16560
-1643.25738
-758.46422
-1261.69703
-1557.98181
-1297.80256
-1580.43132
-1401.70450
-1362.29987
-938.55409
-2279.84011
-1902.76300
-955.05169
-937.59435
-1057.73435
-950.92855
-1512.09607
-966.97258
-221.38065
-1405.42005
-1513.27856
-1520.71913
-933.88214
-834.89814
-1285.61980
-839.65845
-1178.46825
-717.51859
-890.00897
-1071.57985
-1856.98788
-1275.42814
-771.26355
-1183.17747
-1241.47323
-1538.23144
-1397.21221
-2034.91630
-1284.04021
-706.77082
-1677.95858
-835.99943
-916.55384
-1437.97550
-3156.70077
-1753.37851
-3430.22123
-2555.84119
-2383.80509
-3008.41573
-1171.97811
-1610.80454
-2739.57185
-2398.29971
-2266.27479
-2339.09018
-3103.92051
-2799.53688
-1077.51168
-621.13576
-720.23954
-1163.10666
-2112.91680
-2232.07699
-2641.69776
-1483.03995
-1516.11480
-2032.28908
-2658.78118
-2469.89597
-2805.33177
-882.97406
-2052.46729
-2521.29638
-1222.43975
-1414.35682
-1452.94223
-1432.84880
-2314.57869
-2158.33879
-2598.45990
-2513.92406
-2879.23448
-2128.81498
-1496.00079
-779.82066
-993.64244
-572.40734
-391.19554
-1832.49963
-1157.58127
-2546.08717
-2772.45965
-1873.36687
-2152.24352
-2198.22145
-2416.56190
-2152.24352
-4848.44829
-2152.24352
-2014.46477
-3183.22191
-2608.75438
-2950.59187
-2395.68594
-2184.42074
-3436.88323
-2097.10240
-1330.57328
-994.44522
-1391.45302
-1587.58543
-1630.16175
-1572.73802
-3114.92551
-900.72831
-2047.32244
-2929.57022
-1504.40586
-1472.11823
-1873.07359
-1185.07373
-1553.65104
-2008.01541
-2308.00037
-962.91014
-1788.28737
-2025.52889
-2302.94524
-2116.47712
-2485.97880
-1506.32958
-1629.43354
-1291.21942
-2064.41255
-1438.90917
-2150.60522
-1827.94476
-2408.03825
-1120.25413
-1417.67709
-2137.65843
-1099.49945
-1625.09940
-1565.87216
-2312.84648
-1351.36194
-2184.00869
-1150.85533
-958.22067
-2961.64049
-1651.30329
-940.69976
-1112.37150
-1326.68548
-1162.97887
-2122.60075
-1477.06502
-1391.87098
-1105.92834
-1391.87098
-1850.65739
-1624.89111
-1893.83282
-1402.28930
-1175.79870
-997.97532
-1607.56741
-1210.20135
-1299.97221
-868.80364
-2119.03845
-1795.53139
-1816.20817
-1115.47913
-2220.47022
-1686.47779
-2218.38010
-2114.79524
-2409.44492
-2477.53572
-1671.72488
-3040.03273
-1820.24213
-1553.13636
-1496.46878
-1933.86666
-1814.49185
-1151.14140
-1715.69207
-1820.85939
-1077.28275
-2716.62349
-1205.59919
-2185.36144
-1727.69976
-2070.45859
-694.34536
-1123.56847
-1258.21408
-1048.75326
-1213.40590
-2408.78709
-1220.47188
-1674.86189
-1646.77883
-1720.99634
-1368.59746
-1475.78057
-1234.56361
-1903.84163
-1226.44459
-1100.27067
-1643.11271
-1396.10709
-1458.46827
-1712.28851
-2734.23171
-2234.55455
-1989.89971
-595.03530
-1112.32857
-1097.06233
-1382.12591
-2149.25336
-1641.93283
-1537.35351
-1263.95949
-1629.39056
-1709.43094
-2066.93761
-2146.41808
-997.08762
-1408.99168
-1444.33744
-1066.05513
-700.50951
-1482.97685
-1299.57757
-1239.55876
-1093.83748
-1424.72328
-1707.74447
-1543.79990
-923.42908
-1391.05339
-2131.34222
-2266.12337
-2305.43287
-2123.22475
-1211.64247
-606.98500
-1668.09799
-1375.16659
-958.69799
-1465.45650
-2838.75500
-2193.37929
-1920.96139
-3068.71508
-1545.40517
-2428.32287
-2083.33232
-674.51996
-1495.25411
-2058.50592
-1142.19513
-2763.79788
-1928.48828
-2922.42917
-3209.79474
-1806.13935
-1699.79408
-2622.56102
-1842.59767
-2594.64348
-1773.61712
-2034.11599
-2208.99346
-2351.89950
-1403.03981
-2252.32600
-1504.30125
-1478.27804
-1931.28638
-2348.28986
-2188.84288
-2667.23693
-1419.58738
-2014.15141
-2411.28519
-940.68717
-1699.52543
-2683.11766
-1641.77290
-853.05287
-1786.16277
-1768.85197
-2704.20209
-1229.31135
-2121.98524
-1009.90929
-3007.98823
-3007.98823
-1899.20580
-1899.20580
-1114.15483
-1825.52608
-1432.04268
-1814.66363
-1254.55211
-2087.51438
-2008.34617
-2035.84145
-1331.95146
-1684.17477
-2054.55697
-1814.89961
-1514.23885
-1805.37495
-1707.61267
-2020.44740
-3107.62412
-3217.22804
-1137.05101
-1505.71569
-1043.65457
-1110.06811
-1043.65457
-2877.06811
-2782.30338
-1163.34490
-2323.08767
-3015.87737
-3040.83024
-2478.50516
-2268.13593
-2165.12881
-1591.17423
-2581.90645
-2151.01553
-1751.13275
-2118.07405
-3097.96045
-3250.39647
-2468.02544
-2795.51485
-2340.77568
-2071.87884
-2750.25248
-1413.06241
-2609.34008
-2608.33019
-2974.34931
-2965.43566
-2123.51939
-2325.81293
-2123.67920
-2843.08384
-2800.47980
-2286.04936
-2603.90531
-2161.52369
-2108.58432
-2019.48325
-2134.56219
-2337.80331
-2393.20091
-1643.79807
-2454.68726
-2377.87629
-2501.94733
-3780.42065
-2132.03565
-1817.79805
-2189.91371
-1922.83040
-4830.19263
-2263.33613
-2151.23177
-4206.11625
-2620.28070
-2339.31189
-2292.65913
-2537.52298
-2433.71374
-1251.33538
-2284.64544
-3355.18981
-2370.88271
-1981.22373
-3134.33687
-2400.48446
-1636.67462
-2444.15300
-2243.97280
-2411.11495
-2199.42139
-2867.73978
-1811.90437
-2761.70146
-3204.70818
-2524.55289
-2604.42609
-2604.42609
-2193.59789
-2525.04705
-2616.66563
-2079.54527
-1794.56765
-1872.09401
-3121.00974
-1870.09398
-2347.75634
-2036.35991
-2452.84867
-2343.74814
-2055.66949
-2789.44736
-2035.32044
-5813.14736
-2647.15547
-1446.45798
-1618.40157
-2844.39345
-2313.41503
-2747.88011
-1095.92967
-2534.55831
-1941.21420
-2011.17752
-2219.13809
-2235.34252
-1790.42246
-1516.31872
-3154.76079
-1382.54373
-2936.49086
-1767.20528
-1289.90611
-2816.39344
-2899.81332
-1936.76072
-2071.22566
-3543.36509
-2118.46781
-3330.01100
-1939.31125
-2589.97480
-2833.47236
-1538.20490
-1476.50851
-1809.42292
-2821.19282
-2610.43365
-2869.76550
-1539.02178
-2135.67994
-2593.15306
-2030.98301
-3988.62781
-1462.73505
-2810.66364
-2881.69651
-2478.50341
-3056.28159
-1943.58925
-2763.34015
-2793.98659
-3100.96592
-2335.06807
-1451.69221
-1074.60714
-2379.33486
-1901.42988
-1962.05402
-2384.82441
-1511.31321
-2051.15013
-2260.81188
-1559.82060
-771.18605
-2312.88850
-2587.85263
-2393.00686
-2406.04079
-2007.13521
-2728.85183
-3686.47492
-1016.68176
-2812.18055
-2676.06843
-3246.89674
-2121.53998
-1697.41389
-2530.50308
-3296.13308
-2200.12749
-3264.08349
-2577.06469
-3179.58746
-2240.85389
-1889.77156
-2305.39713
-1895.26900
-1968.73923
-1768.54788
-2323.58234
-1676.89556
-3042.22527
-1418.79853
-1657.40211
-2257.43788
-1045.34145
-2340.30541
-3464.09234
-2456.69636
-2043.53701
-2721.01924
-2842.07577
-2048.64901
-2481.41511
-2717.46086
-1970.60724
-2110.24842
-3665.58268
-2154.22769
-2758.80419
-2527.12272
-1616.36173
-1969.25327
-2492.19511
-2936.21111
-1583.91168
-1309.53433
-3070.85511
-1910.08065
-2762.06015
-4183.60252
-1319.56297
-1595.71667
-3214.68378
-2636.47424
-2803.46649
-2438.61041
-2060.88989
-1506.04158
-3349.84267
-1287.07930
-1821.44506
-2009.47152
-3148.64527
-1728.55626
-4179.54747
-2732.04039
-2144.70662
-2369.22221
-2803.88904
-2011.71861
-2384.11951
-2189.35530
-2277.02613
-1918.65535
-1596.55255
-2236.36523
-2063.86100
-1915.00387
-2241.16347
-2804.55016
-3024.36142
-1694.56285
-2012.36894
-2784.27609
-2351.70131
-3037.02085
-3072.55981
-3495.40473
-1767.65915
-2190.66222
-1929.33887
-1144.47064
-2244.39455
-1437.97283
-2149.48102
-2173.90324
-2592.84211
-1568.64446
-1037.66381
-3677.27197
-1952.12116
-2172.60668
-2385.99988
-2217.61172
-2522.74372
-2106.77394
-1998.26023
-2238.29222
-3082.61739
-2559.96007
-2182.15716
-2250.80110
-2420.85379
-1770.87443
-1666.57317
-3887.21656
-4021.97075
-2988.20610
-2097.87952
-1803.72137
-2966.55180
-2344.95088
-2213.06168
-3476.14985
-2880.19019
-1721.31310
-1180.67858
-1117.21318
-2509.92182
-1202.39256
-2373.38865
-1732.74687
-1520.15776
-3367.10773
-1672.39338
-1893.48767
-1126.76678
-2837.42993
-2625.39827
-3813.49073
-3097.43405
-2322.11725
-2757.38486
-1499.93657
-1548.74880
-2383.61390
-2793.40652
-1781.48839
-2544.73580
-2733.97879
-2267.22484
-1978.29799
-2169.62788
-2030.47467
-1365.17435
-3924.57921
-1745.99730
-1944.70784
-2240.30038
-2034.97448
-2445.01907
-2048.42989
-1615.73871
-1860.69270
-2691.11940
-1771.93388
-2462.13228
-1775.05164
-2995.62140
-2530.24565
-1980.59662
-1951.40359
-2502.47787
-1825.98467
-2140.36271
-3448.58149
-2475.69294
-2515.88825
-2343.47489
-1598.59921
-1989.80259
-1748.86763
-2477.90631
-3166.75075
-2394.66085
-2161.19633
-2220.35771
-1841.18492
-1980.40113
-2975.52552
-1856.39598
-2120.22185
-2932.31462
-1504.17742
-3327.15020
-2776.00063
-2584.55145
-2259.46955
-1591.08206
-3505.71346
-1830.16851
-1788.99944
-2717.51567
-891.77703
-1220.23079
-2381.90182
-1434.50515
-1337.40515
-1503.30148
-2369.44603
-2562.19413
-3577.90712
-2675.85876
-2859.34630
-1874.34232
-2858.87183
-4195.38180
-1788.31326
-2501.99603
-2094.84252
-1897.59760
-2688.87182
-1520.30637
-3673.83172
-2000.94227
-2850.70553
-2462.42674
-2285.61124
-2459.80901
-2161.69041
-2058.53570
-1713.97677
-2226.76414
-2556.39179
-3396.68843
-2477.77898
-2934.66085
-1830.33731
-2769.67336
-1484.14132
-2293.66012
-2619.31471
-2550.20883
-1868.69718
-3412.20738
-2852.54825
-3280.92432
-2678.20680
-1273.31243
-1128.87534
-1667.91495
-2794.33690
-2085.87507
-1676.94645
-2442.45664
-3082.19091
-972.81411
-1850.70723
-1398.76105
-1667.94912
-2617.02526
-1545.29757
-2079.35334
-1278.73752
-1016.04394
-2027.99048
-2280.25933
-2368.08376
-2036.71798
-3413.35382
-2202.14263
-2464.14855
-1761.25627
-2368.38461
-1714.73447
-2260.41755
-3299.60813
-2536.07428
-1626.78916
-1433.90559
-1485.41117
-2554.13769
-2325.22171
-2322.22673
-2345.70091
-2212.26385
-1647.83055
-2386.36964
-2532.51628
-2211.53981
-4166.23126
-2758.52524
-2461.57284
-1774.78538
-1343.03380
-2267.57160
-2241.22337
-2478.28058
-2321.31678
-2372.32301
-1320.50914
-2199.96886
-3868.17968
-1890.99622
-2036.89312
-1715.38220
-2406.41392
-1804.22174
-3021.75296
-1736.49688
-1661.45842
-2095.74718
-1709.62245
-2271.58730
-1745.02135
-1917.92186
-2278.53225
-2190.89423
-4061.93621
-1626.68173
-1825.54080
-2786.51471
-3715.30080
-2454.04682
-3484.32334
-2836.24915
-3062.22760
-1659.81938
-3445.16079
-1675.07322
-2016.16611
-1792.29611
-1114.88649
-1873.08828
-1893.42993
-1744.59642
-2095.97181
-2164.83564
-2082.42901
-1535.15785
-1526.80672
-2489.34224
-1800.41675
-1539.14883
-1396.69689
-2681.42019
-2132.15005
-2210.55584
-2732.71935
-2441.71432
-1968.72808
-1880.91312
-1180.37474
-2290.44266
-1878.21333
-1410.11739
-2172.00573
-2950.44764
-1763.63577
-1193.39735
-1521.95657
-3224.31175
-2119.23274
-1451.15160
-2537.75410
-1366.58169
-2200.41788
-2686.90138
-1667.60365
-1439.68315
-2823.88051
-1888.36492
-1910.81690
-1802.13830
-1696.07393
-2213.27734
-2199.09677
-1979.94708
-994.89038
-1942.44361
-1731.36128
-2201.69850
-1638.39531
-2013.00458
-2766.77800
-3114.54040
-2689.22542
-2073.53643
-854.72767
-2461.83745
-2026.85557
-2000.13606
-1985.08831
-3322.64368
-1762.73980
-2398.38263
-2611.99626
-2337.13281
-2518.15680
-1874.73417
-1447.22760
-2049.59907
-1669.32106
-1965.29068
-1821.76192
-1025.78746
-1867.76854
-2923.09686
-2823.60967
-2301.37699
-1921.55076
-2520.03228
-3400.85955
-3919.72200
-1844.75500
-2218.68843
-1620.58495
-2096.01898
-2879.61148
-1714.37810
-1682.09840
-1682.37985
-2521.99025
-1307.44984
-1902.58140
-2008.20972
-2765.45598
-2066.50894
-2232.47177
-1683.58814
-1550.84323
-1573.54307
-3099.48080
-1627.61816
-2144.19092
-1916.79678
-1598.63460
-1782.70740
-1578.73592
-2126.26303
-2441.49083
-2441.49083
-1886.12777
-2870.12373
-1653.01902
-2490.75699
-1321.24440
-2136.54313
-2509.57481
-1293.67075
-2733.77688
-2069.12661
-1512.70348
-3050.19672
-1815.76501
-2828.83115
-1732.05449
-2429.12871
-2220.20264
-1771.69348
-1773.12193
-2454.57670
-2030.02694
-2158.47378
-1551.74091
-2119.15391
-1537.81646
-1608.95151
-1318.41969
-1392.14484
-1878.55345
-1727.81654
-1643.93271
-3194.88979
-1559.00420
-1286.16929
-1076.97264
-2192.23266
-4635.26663
-4052.69436
-1571.34085
-2302.41307
-1440.58233
-2036.04907
-1510.17985
-959.71165
-1272.66769
-3414.70705
-2561.56847
-2091.45642
-2145.27063
-3249.64274
-1619.09663
-2655.54936
-4637.02734
-3169.77734
-1781.09562
-1951.96370
-2069.11549
-1509.54574
-1650.55869
-1327.63598
-2820.64299
-1830.25042
-3051.67356
-2238.07580
-1646.66500
-1575.43657
-1105.64436
-2217.68320
-1798.16731
-2832.08667
-2521.37017
-1662.29073
-1089.62641
-2024.01991
-1679.25851
-908.32734
-1757.40121
-1488.86560
-2562.18823
-1848.95711
-2358.53250
-1481.82556
-3320.05467
-2882.25030
-2701.57805
-1680.14651
-2058.67370
-1080.51865
-1988.68218
-2209.81956
-843.16523
-1139.71504
-2099.87330
-2130.33031
-1873.90560
-2984.09620
-1064.91371
-2928.51429
-965.46184
-1394.39472
-1873.38028
-1360.09102
-1346.44413
-2215.28017
-2425.96996
-1670.45150
-2036.24936
-2452.13790
-2909.88836
-2755.75436
-2856.52159
-3547.40738
-1447.68581
-1110.37709
-2036.08383
-1323.11494
-1540.49898
-1882.14764
-1337.07166
-1934.21360
-1578.16561
-1461.11059
-1317.01621
-2574.26783
-2876.19416
-3484.31916
-2563.05656
-2874.50037
-1819.25647
-2117.97954
-3067.96067
-2700.70664
-2505.46440
-3430.51260
-1413.22413
-2065.75713
-1647.90057
-1864.90165
-1840.87832
-1046.91819
-2138.58668
-1872.65341
-1918.40249
-1839.15378
-1120.93133
-969.39555
-1993.45566
-1680.35893
-1005.67338
-1062.51036
-2011.66332
-1719.62817
-3826.58083
-1530.49632
-2007.45903
-1669.75144
-2171.44972
-2049.85417
-1013.62331
-2099.81282
-1918.83708
-1819.60751
-1283.43929
-1836.58998
-1460.02300
-1988.16054
-1544.13719
-1673.81005
-2179.62817
-2378.79869
-1418.06724
-2065.74726
-2852.48506
-2742.95421
-2352.15216
-2521.83783
-1489.06284
-833.28879
-1796.25233
-1423.00756
-1929.81296
-1819.94282
-1936.13613
-1684.11054
-2058.83303
-3295.70528
-2147.37926
-1961.65118
-1541.73739
-1068.49060
-2137.64228
-2560.06664
-2305.61697
-3629.85260
-2055.07791
-1785.29996
-1534.33581
-2351.94194
-3012.74350
-1121.77249
-1307.05937
-1909.96895
-1730.75872
-3761.25756
-2683.86841
-1432.78045
-2938.73100
-1752.69354
-2173.71705
-2169.47021
-2003.05371
-2256.49769
-2132.62879
-1429.68768
-2123.25751
-1529.88618
-1355.55201
-3038.50617
-2740.18269
-2948.91864
-2440.58721
-1441.31255
-2820.72795
-1982.32907
-2403.17006
-2120.26447
-3197.52592
-2993.37164
-1772.16502
-1551.77734
-1832.02857
-4567.38723
-2950.78397
-2429.91407
-1522.15224
-1103.03771
-1034.83288
-940.36175
-1062.35496
-3677.96393
-1447.52491
-3579.60417
-1156.87243
-2045.77795
-2529.19938
-1379.18735
-1591.58701
-2655.91178
-1581.96700
-1827.80572
-2567.73895
-2496.78425
-1956.63342
-3466.06885
-1457.20809
-1532.14215
-1766.79909
-2065.58215
-1139.86425
-2640.30640
-2191.96633
-1960.39485
-2057.07067
-1830.76351
-1414.31195
-1474.96218
-1210.64014
-2118.67175
-1842.58437
-1567.29537
-1019.62846
-2562.70935
-2032.11543
-1484.93696
-1521.63766
-2566.99194
-1463.18739
-1854.37395
-2084.23731
-951.59061
-812.40602
-1722.87904
-3721.10239
-1878.68401
-1457.84600
-2149.20554
-2358.97137
-2017.36790
-3171.08014
-3175.80629
-2271.24423
-2660.92459
-2543.59400
-1923.05822
-2424.18705
-1563.99700
-5480.31809
-1631.02080
-1888.12793
-1722.09775
-3597.11115
-3068.98302
-1298.85210
-4293.13038
-2063.46213
-1639.28021
-1648.64265
-1953.55040
-1377.73645
-1869.74976
-2450.06874
-1898.75928
-4676.98192
-2381.82613
-2090.77546
-1723.72064
-3560.96941
-1649.70852
-2235.91580
-1073.04258
-955.24323
-2017.49819
-2391.68460
-1531.88411
-2866.28999
-970.93560
-2400.81080
-2086.19043
-1955.39990
-1284.82916
-2265.81445
-2892.41052
-1670.66664
-2572.09612
-2141.56879
-1720.01128
-2174.11618
-2957.79677
-2894.99085
-1732.75147
-1563.82727
-2424.65086
-2009.47093
-2503.88962
-1276.49723
-3226.01771
-4040.73652
-1287.92558
-1923.18917
-1416.78704
-2617.46957
-3821.47427
-4846.36376
-1248.11247
-2810.11287
-3057.73137
-2460.91892
-2540.85268
-938.54578
-1562.16408
-3189.09284
-1234.39798
-1713.25629
-1245.75988
-1234.84698
-1639.99337
-1940.35189
-879.75458
-2992.87767
-1294.89159
-2556.94238
-1002.64087
-2074.91944
-1317.40857
-1463.45814
-1156.14593
-2695.86623
-1245.57642
-1578.20397
-2361.19802
-1487.47894
-2127.54019
-2652.57805
-1265.70721
-2531.48394
-1529.78840
-2194.29735
-2382.32917
-1655.86696
-1567.88426
-1375.38547
-1882.15083
-1269.31956
-2164.83440
-1612.75621
-1800.03012
-1322.27490
-1571.59240
-2321.61672
-2927.34337
-2103.64729
-2957.06498
-2468.62285
-1628.54827
-2105.00628
-1594.09399
-4933.97780
-1239.66706
-2375.59725
-2220.32116
-1734.74009
-2925.81404
-2299.36159
-2611.74010
-2232.07874
-1398.10227
-1197.21315
-2464.85665
-2183.65181
-4332.31709
-2543.36442
-2134.49261
-1591.82983
-2126.62704
-1631.56834
-2196.30648
-1780.77032
-1644.55537
-1825.68613
-1557.77089
-1978.95653
-1600.35977
-1242.44973
-1385.99942
-2616.40776
-3135.37161
-1037.16486
-1410.88751
-776.92440
-1557.59036
-1886.61620
-1939.65698
-1705.44923
-2200.65591
-1850.33550
-1633.79178
-1348.72904
-1876.44890
-796.16727
-2853.29443
-1735.08454
-2960.90321
-2269.29358
-1681.66951
-3089.91962
-2239.14557
-1679.13639
-1709.84909
-1169.43664
-1850.32570
-1153.26011
-3128.83891
-1635.38668
-2037.87391
-2630.53627
-2402.87906
-2083.75116
-2796.84462
-1600.41331
-2014.19348
-1536.37004
-2933.72668
-2482.36400
-1932.14707
-3118.40979
-1664.31422
-2918.41915
-1931.09553
-1540.62160
-2577.05467
-2477.69786
-1781.63121
-2121.87416
-2408.62365
-1456.68937
-1543.19955
-989.10980
-2388.17236
-1909.11612
-2939.22035
-2285.39233
-1660.57056
-2682.91210
-2256.64837
-2747.95031
-1644.38991
-2861.06226
-2213.69845
-2490.04486
-1212.94988
-1985.05036
-1403.00290
-1581.92370
-2381.31374
-1937.78946
-1962.18153
-1416.15378
-2218.80960
-1575.31718
-3049.24403
-1277.54630
-4081.18266
-2929.21800
-1705.30646
-2127.80476
-1843.74399
-3032.02273
-1494.69607
-1977.11150
-2378.80899
-2138.51015
-2634.83424
-1611.58289
-2476.37286
-2801.81385
-2862.18380
-2845.89979
-2642.57428
-1793.49588
-2435.95794
-1611.49223
-1292.67352
-1975.26528
-2326.19360
-3917.89858
-1933.75348
-2858.07936
-1729.19052
-1943.71663
-2169.11967
-1541.93993
-2919.24198
-3001.74333
-2615.96656
-2271.43288
-1492.35646
-3574.50735
-2936.02543
-4225.28866
-2692.83462
-1594.57834
-1383.37341
-1220.42466
-2720.87890
-2038.42781
-2748.32632
-1994.25752
-2129.94992
-4253.38685
-3263.74851
-2251.23624
-1668.38814
-2834.59802
-1779.39881
-1147.59636
-2397.46177
-1976.71619
-2010.36969
-1824.37238
-1445.51673
-1443.64589
-2354.78545
-2433.00264
-2552.38651
-2986.01163
-476.42200
-4122.81565
-1660.67976
-1847.13836
-2407.06652
-1819.50869
-2006.00822
-3065.64782
-1221.62431
-2130.26231
-1834.90310
-2785.54326
-2787.18297
-2126.32464
-2713.30885
-2355.03349
-2191.60602
-2031.37550
-2554.98917
-1925.76255
-1350.85479
-1537.95319
-2767.73877
-2542.13210
-2162.56863
-2491.06583
-2251.46418
-3555.49913
-1956.40939
-2938.54484
-3536.08983
-1444.56897
-1918.79696
-1316.75889
-2222.17767
-2483.98240
-3053.84433
-2598.87768
-4305.29376
-2874.89644
-1740.08321
-1469.34540
-2560.46823
-1656.96550
-2006.54032
-1608.24348
-1912.99739
-2017.94315
-2939.75506
-1333.31490
-1418.05512
-1692.83975
-1653.80246
-1199.61041
-2568.90970
-1256.95799
-3553.31716
-1815.26542
-1867.27354
-1667.56214
-1974.07866
-1408.89019
-2725.70200
-5769.93457
-1030.94174
-3753.44645
-1833.62376
-1773.76118
-1763.06657
-1882.51501
-926.91138
-1768.67433
-3254.64369
-1458.33273
-1127.60465
-1150.39458
-1342.32133
-1086.74196
-1764.31827
-1676.54688
-2285.00369
-1387.26950
-2448.83651
-2844.48755
-1902.39676
-1946.31631
-1405.50504
-1650.70021
-2364.61791
-1696.47044
-2608.92844
-2422.23434
-1555.53975
-2219.94437
-2190.38010
-3003.50841
-2316.31057
-1776.20907
-1778.52411
-1904.32458
-2524.41819
-2888.28267
-1583.86748
-1654.98146
-2631.61105
-1410.89256
-2971.07946
-2514.95508
-3164.84439
-1808.26531
-2751.88859
-4346.62142
-2118.57311
-2914.40296
-1413.26042
-1645.93291
-1420.68609
-635.26487
-2277.40432
-1762.46238
-3447.55572
-4431.69128
-1181.12049
-3381.10460
-1189.07059
-4405.33621
-2721.61995
-1642.39715
-3454.22786
-3200.27832
-2491.75746
-4209.00106
-2002.69867
-3277.99822
-3999.57229
-1946.69453
-2088.34859
-2466.87461
-1683.30180
-1520.43481
-2541.82677
-2705.19196
-1763.71716
-1695.90289
-1112.81721
-2026.23185
-3462.67801
-2690.82851
-522.65091
-2753.25317
-2205.77799
-1218.56457
-1666.58438
-926.98753
-1323.95083
-979.70989
-1883.37337
-1266.85388
-1284.64220
-1663.63860
-3434.85343
-3540.10510
-1162.65917
-1816.67743
-2088.23248
-1845.35283
-987.84674
-3597.19429
-2637.28043
-2018.97881
-2427.72775
-2369.55725
-1190.73268
-1578.70269
-2329.73286
-1163.59866
-1601.13538
-1740.37386
-1458.56393
-1937.10798
-1472.35763
-1429.72714
-1213.58760
-1681.96473
-1996.95086
-2178.60780
-2544.26378
-2456.23367
-2520.67081
-3596.86221
-4533.47481
-2280.64968
-1866.78440
-1633.36822
-3889.08117
-3235.26672
-2670.98330
-2912.60824
-4447.36955
-1941.62341
-1919.55521
-3038.69968
-2309.23709
-1789.59921
-3196.83609
-2179.63031
-1122.00384
-1203.37075
-1191.03774
-3347.21234
-1605.29923
-1274.57322
-4132.20006
-2303.72220
-1536.77771
-2259.50857
-1205.66295
-1116.33525
-1116.33525
-1919.28363
-1276.56772
-1720.82451
-2425.30698
-1400.30941
-3992.78169
-2597.53455
-1916.78991
-1499.71049
-3459.50135
-2358.67987
-1908.31445
-2749.33299
-4469.65104
-1918.07474
-2256.09149
-2877.64985
-2170.65210
-2742.62815
-2026.48463
-3273.41994
-2432.81834
-2432.77695
-2007.26122
-4855.82487
-1560.27453
-2635.44591
-2615.89680
-1588.83085
-4142.48143
-2491.36575
-2107.22530
-1288.04808
-1643.38114
-1388.25611
-1778.06302
-1257.84289
-3446.25987
-2812.04638
-1295.06352
-2552.73056
-2908.26065
-2506.66202
-3490.59653
-3402.89958
-1501.62675
-2692.79099
-2577.64330
-1618.01293
-2678.37391
-1863.51462
-2172.89815
-2351.07009
-1892.07539
-2830.36402
-2184.64099
-1324.50676
-1806.28439
-2028.30970
-3078.37032
-1867.77626
-2478.22983
-1200.32226
-715.29162
-2083.69984
-1693.93431
-1645.72954
-756.59451
-1208.74624
-1478.17941
-2724.34558
-1358.42377
-1389.53813
-3618.46551
-2208.42459
-1473.11439
-4836.74240
-1609.79482
-987.00479
-1837.87575
-2468.13362
-2224.71822
-971.74725
-2496.62454
-1418.54714
-1566.44861
-1557.14257
-1755.27780
-2675.75534
-1421.77840
-3703.91523
-1111.48672
-2036.11099
-2314.24393
-2364.24783
-2290.48274
-1398.34554
-1755.78911
-2153.69552
-1415.86600
-2159.23342
-2486.61277
-2966.70062
-1124.66358
-1151.88372
-2400.26203
-1552.48017
-1841.82177
-2576.71595
-1988.45884
-2607.37163
-1540.34204
-2261.69783
-2339.39409
-1765.02209
-1409.02647
-1624.45062
-1729.56023
-1570.01266
-4318.66818
-3013.49373
-3840.39140
-3607.55789
-3043.41347
-2996.08216
-1820.67651
-2555.49332
-2837.69625
-2854.16483
-3516.82450
-2239.00529
-3771.99781
-2417.47048
-3779.38739
-3254.39350
-3614.39130
-3645.45769
-2250.54286
-1977.26484
-2459.94791
-2007.86366
-2544.10776
-1462.81019
-1610.31428
-2803.17163
-1782.70905
-1289.25443
-2436.17925
-1457.17204
-3887.52627
-1347.57810
-3234.69224
-2272.09129
-2219.89593
-3912.03607
-3699.38530
-2784.23797
-4171.44301
-3129.46671
-3061.91204
-3779.24682
-1655.15281
-1513.05242
-3071.37950
-1890.15214
-1448.76764
-875.58682
-1071.84878
-777.11987
-1290.26399
-992.22410
-2805.45679
-2429.98736
-773.60591
-1287.28823
-1183.51101
-2465.91562
-1638.30553
-958.52696
-2174.87562
-1085.56378
-857.76193
-1043.69001
-264.51743
-619.16289
-1344.39299
-443.46549
-1051.91849
-1627.72648
-665.82120
-1093.26468
-1584.45992
-1310.76602
-1866.37827
-1006.57088
-1882.21019
-1181.17760
-2710.36597
-1306.14048
-474.16103
-1057.26109
-1800.50943
-2340.60869
-2117.21787
-607.14727
-1858.95204
-2556.79147
-1126.38703
-741.95636
-1112.77589
-477.72030
-412.59737
-471.73955
-1232.45304
-469.52412
-1020.35248
-1177.39340
-1292.04648
-1220.24451
-1398.83739
-2094.48154
-401.55204
-2244.34773
-441.75027
-3668.11922
-1580.88911
-1333.44277
-1195.61961
-655.12055
-2907.75958
-1352.32955
-1166.80102
-590.89734
-18.68307
-1723.96046
-1926.53461
-1509.33620
-1184.52509
-903.81053
-1311.75110
-2965.41814
-1966.78841
-1754.54876
-1086.89023
-3642.99320
-640.54963
-493.93805
-808.21191
-1229.41688
-903.66424
-845.77237
-874.70305
-1113.10930
-1117.11429
-141.87019
-635.92058
-272.05715
-1965.90759
-2024.48868
-724.91598
-366.59227
-185.73116
-1152.61806
-2169.47973
-827.57234
-1144.69254
-556.91532
-365.86280
-475.87310
-675.46896
-436.15324
-712.36355
-1027.81640
-397.23805
-2096.26881
-1012.56479
-1468.63970
-1628.88096
-7828.06143
-234.35447
-499.82582
-1683.07004
-2026.36904
-840.73654
-1932.12705
-1072.35447
-2171.10737
-2028.00745
-1149.74583
-2142.17585
-1721.07808
-1642.99633
-717.14155
-1096.59562
-391.35425
-1557.47053
-2549.22950
-428.35042
-1433.40628
-923.53837
-1378.48510
-830.47174
-1924.67178
-862.99342
-1751.34207
-1307.99357
-1012.31102
-679.45672
-350.44903
-1524.94549
-1402.82595
-683.70503
-337.26764
-2043.75492
-1714.44824
-1935.60626
-1832.74181
-1368.66847
-255.17921
-1209.56020
-1313.68192
-1839.10641
-1194.99456
-929.27696
-666.98441
-145.23892
-264.63755
-2307.19703
-448.09964
-1362.87598
-1033.90723
-858.76182
-2125.08496
-1952.91515
-1212.14688
-681.95963
-1217.96599
-942.71565
-801.28698
-1332.55483
-1112.56357
-1054.47166
-1265.55500
-2099.90584
-1015.23661
-604.91808
-590.48060
-1383.79865
-1280.08012
-1193.02013
-1217.80225
-723.23727
-1823.83367
-899.66975
-537.21813
-1956.71729
-818.25896
-933.88750
-944.93395
-210.67474
-318.57151
-1352.08397
-1285.95747
-620.40503
-606.53362
-680.62207
-117.33434
-49.89675
-157.40130
-568.36511
-1275.03138
-184.76522
-1019.74415
-1619.45718
-1148.55364
-554.65116
-962.63854
-41.09734
-940.60826
-679.49858
-416.23174
-581.87665
-163.42193
-3614.54659
-62.87158
-408.12154
-341.76808
-489.78544
-750.53651
-88.75921
-251.06592
-407.51579
-1840.72899
-982.25773
-674.02472
-1151.79246
-2457.85533
-1054.07695
-1907.33723
-1188.90944
-2096.94020
-592.42406
-2369.82704
-785.57592
-1093.84262
-1436.33641
-1230.38301
-1969.48555
-476.47948
-3178.26519
-812.87197
-988.41276
-759.48843
-562.52982
-1466.50450
-1781.23601
-2347.37057
-4117.11390
-643.49609
-2424.19728
-2567.41181
-711.52566
-1532.82501
-257.57877
-1654.37164
-1585.16396
-1643.73938
-542.11768
-1126.24306
-1915.82076
-761.40228
-741.50115
-3280.46814
-1157.57889
-511.39210
-826.01730
-695.69885
-1706.68873
-1114.24567
-818.97311
-264.90812
-458.44418
-633.59884
-1250.37027
-1569.47463
-811.24942
-885.40310
-2015.71544
-905.15081
-742.04922
-1892.29940
-367.49406
-1374.88116
-1461.85821
-1486.66707
-700.45337
-830.18232
-1023.50382
-2013.59290
-489.43358
-1302.75567
-51.88141
-777.01770
-1414.64121
-1086.99173
-2996.28083
-702.34655
-2247.99819
-895.18883
-917.56383
-2546.43486
-1112.63248
-1137.35845
-1268.08831
-1024.52128
-1164.54287
-1365.61845
-1111.71704
-501.54964
-1275.58568
-875.35689
-993.66352
-438.32807
-905.79274
-437.91861
-1075.47141
-527.05445
-1342.80349
-809.63243
-1616.96418
-936.27715
-898.03832
-1010.23919
-2061.63877
-659.97909
-520.81791
-1136.60796
-1460.74793
-1403.28299
-3943.75294
-699.99052
-1373.70621
-2013.61465
-509.55171
-592.76341
-1848.48903
-1077.74151
-599.02413
-989.18134
-1553.10087
-1041.60713
-1205.86187
-1289.19564
-1517.86973
-720.88156
-212.28101
-1770.42123
-467.83706
-1003.22382
-604.16041
-1413.77506
-1277.22068
-1111.00026
-1248.57933
-609.25640
-1402.00609
-894.08425
-624.32701
-303.86348
-461.28154
-908.83020
-984.38054
-257.93680
-444.31929
-3213.98726
-276.90119
-194.58099
-420.93615
-2628.45023
-300.69863
-171.57820
-503.69342
-1014.00857
-784.27315
-566.40025
-206.20656
-405.72079
-131.87593
-454.48802
-453.12194
-281.31404
-191.08792
-328.95562
-555.99060
-789.23242
-662.94271
-1178.19471
-579.12315
-517.06198
-401.97451
-268.52685
-505.82872
-966.56980
-1621.62647
-1470.33781
-326.86262
-350.96905
-691.51256
-1753.78931
-686.55274
-671.65056
-2534.48673
-1445.33385
-1417.39806
-1784.82196
-1380.78534
-706.81427
-1852.22867
-907.38707
-907.38707
-2311.11285
-695.92654
-4161.52389
-1488.08918
-1323.83699
-1343.92923
-2280.34402
-6295.74440
-776.29801
-951.46544
-401.51144
-624.59724
-1379.31459
-1213.65896
-1372.68192
-817.30758
-513.43668
-451.91640
-977.17228
-1590.70847
-1766.95408
-2028.62113
-1544.68773
-345.57714
-2193.19842
-1628.93073
-4484.12239
-1046.96661
-818.56392
-789.76857
-1355.15348
-589.11887
-1595.34120
-1312.55443
-1826.43707
-705.07351
-3090.28230
-352.96151
-898.80940
-1081.59132
-1646.78828
-1679.78830
-1557.57179
-702.16775
-1548.23281
-1507.64482
-570.94084
-579.75342
-1013.96494
-4202.89429
-986.26919
-1140.52921
-2334.57143
-953.37562
-725.31804
-1419.21759
-693.53194
-1542.57013
-925.86338
-1992.24176
-1177.68710
-1225.57217
-1943.50246
-273.39579
-1544.87177
-447.64660
-447.64660
-731.95269
-1125.27358
-682.92334
-671.22697
-2458.44268
-2371.03113
-1391.66707
-853.85042
-318.83447
-809.80475
-1663.85440
-1783.30069
-3530.95020
-481.52147
-278.88620
-905.71880
-1765.20239
-2166.11667
-824.12641
-208.97090
-315.59094
-1541.36322
-317.95678
-401.45066
-616.62981
-1877.88994
-1060.28118
-231.53085
-556.34585
-1178.92827
-869.96424
-199.47818
-455.70689
-169.98170
-314.53500
-183.93802
-123.99803
-304.76063
-537.31158
-806.52277
-556.29809
-555.65261
-1017.08701
-273.31894
-390.72074
-1178.57613
-341.97241
-502.83925
-284.37800
-61.68594
-138.65192
-618.41979
-121.59365
-1717.49080
-847.82460
-157.86094
-1408.13528
-502.15832
-1307.44085
-1765.45256
-1625.06624
-1624.30040
-1279.94430
-2323.28268
-2481.56484
-557.74671
-870.97019
-2061.93349
-1214.28992
-2587.56612
-348.44458
-1101.33798
-303.29137
-1613.81159
-3265.16402
-790.80357
-1990.29330
-3495.24084
-2159.44320
-2969.74114
-2605.95383
-1526.49869
-557.71547
-2208.00291
-2343.08131
-2020.86276
-2721.24192
-3135.30331
-1442.87513
-944.97265
-909.79043
-6229.00495
-1236.65199
-169.30930
-1638.05591
-1036.07329
-392.89505
-2473.61133
-1123.65590
-686.17562
-1275.29523
-837.22870
-1845.34346
-1860.52935
-1090.49024
-1081.40748
-567.77261
-690.25241
-1811.48966
-1006.21472
-2140.89780
-841.30391
-1555.62734
-733.12524
-655.32409
-1271.12115
-764.26380
-1558.35768
-387.60997
-1999.08671
-1205.35879
-500.20355
-1997.45880
-487.50249
-195.04865
-1698.34656
-100.62097
-1383.03227
-841.32875
-337.94274
-1250.96909
-1248.20081
-1200.43299
-1408.45116
-1015.15364
-485.65722
-748.09414
-2572.14573
-1006.02375
-1148.68214
-1960.38604
-522.21699
-2525.25098
-1033.21577
-554.26070
-338.83445
-60.66132
-501.12726
-368.59999
-1069.05551
-253.00463
-611.86167
-937.09192
-3844.37392
-549.71863
-2165.47528
-282.08355
-944.30568
-2014.19689
-412.77793
-530.18754
-1982.31257
-1168.94469
-2357.00452
-1504.81149
-2870.42908
-1238.09012
-2455.57137
-575.93183
-385.67676
-925.82081
-1148.39225
-1103.27708
-366.73032
-1115.98477
-828.09845
-1175.98779
-741.98243
-1583.76150
-2710.63268
-472.50676
-1037.10059
-1144.27183
-1349.49830
-2387.40423
-1542.98615
-954.44171
-3055.29905
-1832.85585
-2173.55270
-1524.15653
-2830.83817
-558.84531
-1100.79172
-1222.87475
-1354.11661
-930.95446
-854.98763
-1139.19668
-751.77805
-212.93303
-3043.39379
-2731.02470
-984.94416
-1107.09412
-2414.89791
-1298.56384
-1588.73859
-1223.71114
-1920.95746
-1432.47447
-1287.71854
-1732.10268
-2468.47256
-634.35580
-651.43859
-1250.59618
-544.85173
-529.33233
-576.29632
-833.95427
-312.68811
-1495.53928
-845.92795
-2121.74159
-1331.05002
-1251.30776
-1217.52687
-573.80799
-1433.67159
-3566.82282
-420.31227
-1017.73101
-2563.37955
-3111.14737
-3047.88318
-1767.87075
-617.75508
-793.73143
-3632.84394
-1363.16396
