1.2801374
4.9828174
4.4026002
3.3369984
5.0216862
2.0636232
4.7662674
3.6552748
4.7541812
4.8021324
1.4948156
4.3113526
4.4041552
4.0822124
3.037614
3.7661932
4.1787084
2.9383816
2.3521638
5.0659332
4.9449688
5.3916348
0.486219
5.3286288
4.8193112
4.246195
5.1255516
3.815801
4.3933622
3.4666846
3.8271492
4.7169318
2.3481698
4.9434938
2.1625394
5.1976592
4.2455186
0.701624
3.9370798
4.9481178
3.5235256
3.3817292
3.7718468
4.2244094
3.9478562
4.0003692
4.7071958
4.0854896
4.8644984
3.9532772
4.6044042
4.052338
3.6628848
4.6201338
3.2527032
5.5372848
2.8102072
2.3068032
4.306797
2.9426726
4.6849708
2.0063104
4.3144032
4.9712272
1.7705526
4.536773
4.3870918
4.6487856
0.8422358
0.5730312
5.0917046
-0.0290242
0.1262678
4.4486962
4.9002784
4.6953826
2.4635376
4.8192988
3.5407144
4.1252854
3.9618804
5.678063
5.0161148
3.912534
3.6573162
4.4535012
3.1824776
3.9506186
5.178466
5.2173538
4.8730412
2.9163724
3.69552
4.118128
3.8831298
4.6259422
1.9095462
5.195349
2.177807
2.4472086
4.725234
2.615496
4.6731754
2.0209222
4.42861
5.065823
2.7158228
4.3938942
4.8960244
5.0158176
2.4043576
2.1401674
5.5445424
1.1103864
2.7104712
4.505064
4.990347
4.7212646
1.7718342
5.3746442
5.1293012
1.0510256
4.7512728
0.395219
4.8361326
0.6250534
0.573385
4.8227212
0.3983532
4.9672658
1.3154328
4.9838398
4.2227944
0.7143834
4.3592148
4.3780692
3.7941466
3.253331
3.6056868
4.46373
3.0160548
3.814545
5.5249524
5.2954678
5.1035314
3.6150338
4.2722198
3.808509
3.964069
4.5784974
3.1542342
4.9247094
4.6754872
3.5032106
4.2107378
3.0387818
3.3855078
3.982052
5.0293
5.0632004
3.8664658
4.7919298
4.4345058
3.542349
5.1918826
3.2781624
4.143233
3.497857
3.4909906
4.3067696
3.529052
3.9845374
3.960246
4.680729
4.7632514
1.318501
4.6033524
4.8916106
4.2332766
2.6862862
2.9899476
4.9061462
2.857033
2.5776254
5.0029788
3.7702044
5.1041156
2.8092638
4.7494766
3.910771
2.2031324
3.88455
2.7997734
4.9483718
2.4310164
1.8984844
4.9793774
2.3238046
5.0555258
1.1208364
5.3595602
4.7488228
1.6404328
5.3913164
3.1839438
4.6003524
1.5476106
0.687225
4.1759936
1.7584048
1.8355678
5.0761634
5.518591
4.7010206
1.034025
5.4159314
5.4465334
2.3231562
3.8291922
0.822284
4.8715584
-0.289704
0.4750478
5.1911944
0.1962704
4.9749382
0.8547424
4.8276988
3.6744176
0.3616774
3.5563238
4.2634922
1.353573
5.2478618
0.8911656
4.2667924
0.3743226
1.1899122
4.0763884
0.9684776
4.7898478
0.95814
4.4934006
5.395431
3.529329
3.9146168
4.9285036
5.5383284
3.339092
3.2714084
4.64959
3.3754526
3.0785298
4.599486
4.4457228
4.9739274
4.9092712
4.8080144
4.3620978
3.022971
4.3587874
3.0662028
4.1575742
3.9364502
3.4616174
4.864156
4.2131658
4.724562
4.3754474
4.7871382
5.6136874
3.4257128
4.9037774
3.6443638
3.3265052
3.969479
3.0591672
4.6136938
2.9135804
3.1583152
4.2875494
5.2814652
4.892385
4.1046566
4.876007
3.745135
3.6602154
4.358356
4.4266892
4.6450004
3.5402584
3.521839
4.7858952
3.833286
5.48702
3.1511002
4.0481238
4.7426446
4.8523688
4.0012556
4.0573574
5.066547
3.3244574
3.2794036
5.0732544
3.0550454
4.2032184
4.8604158
4.7942106
4.2956044
3.832714
4.8692426
4.0920994
2.8925418
4.9814002
5.9762696
5.0290506
3.235752
1.487721
3.9622796
2.4767736
2.0751842
4.3799226
5.2026538
5.2595774
2.2426186
4.0367242
4.402163
2.6209476
4.682921
2.1966034
4.3279504
2.8658724
2.2885098
3.9429616
2.3489586
5.3662386
3.161552
4.4704876
4.7625858
3.4807152
4.594136
4.3629868
4.0739786
2.282593
2.3654924
4.9626488
3.2740452
2.7215992
4.543472
4.5016276
4.3774994
2.5083838
4.8787822
3.8385292
2.7396116
4.7430816
3.066765
5.0538212
2.0472008
1.806512
4.2737252
0.9973976
4.697977
1.2404476
4.5982114
4.6533654
2.052797
3.6729748
4.649819
5.2609766
2.1290556
0.8439722
4.2217416
1.6983988
1.8412672
4.604641
4.7518954
4.6464654
1.9543498
4.293153
4.5255264
2.1443986
4.4613506
3.484279
4.3585524
1.3768828
2.1033142
4.2311244
2.2324926
1.3940182
4.6203616
4.9995442
4.3820824
0.4949924
5.1827424
4.2228302
1.045617
5.3547498
1.134352
5.0574198
0.5221198
0.1079014
3.9083956
-0.085927
4.453011
1.721597
5.117004
4.0319358
-0.2980132
5.3423724
3.3591732
5.3572414
1.2219186
-0.046353
3.474644
0.9960528
0.2372448
4.4884644
5.6894754
5.4038412
1.242904
4.6626666
4.5234274
1.146873
5.7704244
0.2260704
4.6379644
1.6941532
0.0657828
4.5557562
1.2670794
4.4288982
0.8362118
4.617081
5.0721438
-0.0999156
4.0094228
5.1382234
4.3576468
3.7172498
3.5872012
5.0357676
5.2997638
3.439035
4.3606804
4.325704
4.7231262
4.036063
3.83528
4.2848948
3.9574284
4.2308694
3.498644
4.7193036
4.4703814
5.3886328
4.7919718
3.2653792
3.3448082
4.868329
4.5029008
5.2356036
3.7845218
4.5103434
4.9246852
2.8735426
5.122325
3.055567
4.0479002
4.4427994
3.2697018
4.186227
3.1190152
4.5099456
3.3805246
4.2834274
4.9826636
3.4946848
4.7736
4.13419
4.6415646
3.751918
3.974095
4.9527934
3.7103912
3.6932956
4.5116888
5.6846496
4.3143152
3.0267534
4.1466058
4.7125142
4.3762058
3.9813642
4.415351
5.0157162
3.0146948
3.2737514
5.0523334
4.0094136
5.3269232
3.5098538
5.3699798
5.0766346
2.7307512
4.3891026
4.6239624
5.8494372
3.3036158
5.1090146
4.5550014
4.2119606
4.6469716
4.335854
5.1391152
5.2933296
3.851608
3.755633
4.5439846
2.9679014
4.5886678
3.1019254
4.8040758
4.0112298
3.3429406
4.7559814
2.499372
5.3335508
3.8056618
4.3754056
4.8632954
3.3442834
4.3945572
4.9090676
3.3489442
4.7039144
4.1541888
4.790239
3.5384346
3.8874718
4.1855768
3.865294
5.0301958
3.675005
3.9308488
5.1183376
4.323351
4.6249748
4.45441
4.1231994
4.4053278
4.1965536
4.9311286
3.9252952
3.6439982
3.9819792
4.6736782
5.6930974
3.287895
3.4016172
4.308444
4.160715
4.8657038
2.9546318
5.0164698
2.6311306
1.9818598
4.8619764
2.7122974
4.5626766
3.0355512
4.0250048
5.5023186
3.0682544
4.8023456
4.4598046
4.8562388
2.0864904
2.5320432
4.4031912
2.9996594
2.6809514
4.0978672
4.3965536
5.149263
3.4578792
4.2956614
5.2484028
2.6130888
5.1548852
3.084856
3.9692852
2.8581412
2.9450036
5.140077
2.7069358
4.5291772
2.6687918
3.9061926
4.1590832
2.370573
4.161116
4.0540882
4.2425908
2.5637184
3.0492394
5.241074
3.1434462
2.9907266
4.7793368
1.7247988
5.1164516
3.5931852
4.9888238
4.525223
2.9788432
4.7390774
4.372819
4.057899
3.6975498
1.697899
4.8218602
3.0172576
2.9034144
4.1113272
5.503851
4.4141346
3.8971148
4.2646052
4.9322222
3.181119
4.567308
2.7256082
5.01274
1.4942862
2.9702448
4.5968036
3.1870138
4.4425336
0.9050694
5.028522
3.9680142
2.1202916
4.255874
4.787664
4.9729814
1.7127612
1.6688604
4.4646086
1.5060092
0.9085542
4.7420724
5.0552142
4.933092
1.321689
4.5956498
4.3135858
1.3192924
4.9067852
1.683392
4.530106
1.207856
2.323734
4.112747
1.192259
4.0921894
1.976204
4.2665992
4.5584704
1.7356808
4.5333536
4.2155568
4.451019
2.887025
1.6061796
5.2052788
1.7831356
2.328291
4.7954928
4.7688724
4.509274
1.4989786
4.5432226
4.9051764
1.6373766
4.8241222
4.6646026
4.4544914
2.3421812
1.5380584
5.0159572
1.0831244
2.8650054
4.7088476
4.6671642
4.399034
1.1654922
5.341196
4.1403552
1.7858272
4.748291
1.9220846
6.294552
2.2229614
0.9650808
3.7732884
2.044366
5.5472032
1.2443818
5.0731524
4.8950156
0.7110802
5.4269844
4.6760432
3.8243532
0.7212946
1.42016
4.2281154
-0.2523782
1.2448112
5.193112
4.8385566
4.9479456
0.3245516
4.4243056
3.9901024
0.997707
4.7550962
0.3947828
4.1229298
-0.3263446
0.0061284
5.2754954
0.9174414
5.4503088
0.4838054
5.1478144
4.7275518
1.2522104
5.136637
4.561524
4.2789332
0.4715448
0.9199928
5.4110536
0.4177284
1.310596
3.670183
5.0496838
4.0624034
-0.0255578
4.4447444
5.0701842
0.5236306
4.0503852
0.3755488
3.7311314
1.2838802
0.5650366
5.10666
1.004798
0.0642786
4.706067
4.4040782
3.7077144
-0.192632
5.1647482
5.435594
0.6411428
4.291196
0.6104702
4.7393062
1.6235492
1.2394304
4.0556366
0.4353174
4.4366132
0.9159484
4.7225044
4.9693064
0.8252698
4.2979724
4.6343942
4.8298286
0.613991
1.395406
4.6593658
3.6960882
3.3310642
4.4585864
4.1192904
4.9964838
3.9783778
3.9507746
4.3090324
3.269032
4.495008
4.0003318
4.9733566
4.5004488
3.3390076
5.0735062
3.6179882
5.0871172
3.4132474
4.2752166
5.2583524
4.0802772
4.354237
4.5180218
4.5803686
4.5908708
2.927589
4.4380854
3.4195732
3.669538
4.7406966
5.191579
4.7786038
4.3073652
5.0945334
4.1828532
3.8890878
4.8550614
3.3671934
3.4089798
3.6184472
3.1762084
4.270527
4.569176
4.5187534
4.5135322
4.781801
4.8374496
3.6992908
5.4025708
4.1746844
3.8543892
3.7788964
3.5968492
3.9560924
3.5904278
4.176902
4.7518962
3.7589604
4.773424
3.7216862
4.7180976
4.2733808
4.2166086
4.067587
4.2078308
5.1621676
3.3042922
3.7169076
4.310053
2.8522652
4.0503812
3.4774242
3.8794052
5.510364
3.5246216
3.8438498
4.349695
4.48304
5.2512476
4.5703508
4.9094606
4.620596
4.6673684
3.4154656
3.5574994
5.0868304
3.4652962
4.813386
4.4882284
2.6700898
4.978612
4.0165616
3.9064186
4.2533606
3.0376278
4.2984362
3.6681688
3.288011
4.4065004
4.6473488
4.1953388
3.5262034
4.9380936
4.1541664
4.1449562
4.4023998
4.337172
4.6920948
3.344676
4.1762372
4.1218408
2.7600244
4.7366598
2.7477012
4.6471378
5.5449682
3.821458
5.0271966
4.4750836
4.611155
3.3775934
2.975545
4.3168138
3.4266994
3.673668
4.341315
3.8566222
5.7286328
4.0124084
5.343682
4.59397
2.5036936
5.0714554
4.8342854
4.795265
3.7603614
4.0430272
3.7066382
3.9038868
3.5637562
4.186932
4.2848288
4.5659474
4.2822336
4.8861492
4.3106872
2.8613246
4.4613114
3.8622124
3.8156448
3.003033
3.0613476
4.41729
3.8826104
5.0793212
3.209346
5.3630346
3.4071882
3.1392644
3.5230328
4.804966
5.5753286
3.6925026
4.7517568
3.6644596
3.8195748
3.9051748
4.846054
4.4721806
4.3080516
3.3084572
4.6443012
4.3684646
2.9294818
3.5765868
3.4705632
4.282312
3.9765024
4.4546614
5.1260036
4.5620902
4.5822476
4.2907678
4.6031144
4.5400568
4.177898
4.702947
4.1968906
4.4792958
4.6523276
3.6778804
5.2213382
3.6664882
3.7135438
3.8832834
4.610738
4.7880316
3.4616982
4.8056318
3.6734068
3.9557494
5.3117042
3.8944272
5.0101758
2.941257
4.0174246
4.5584566
3.3054824
4.3216082
3.9538264
5.1577632
5.5865948
3.610574
4.6811378
5.6868452
2.958562
4.6073238
3.6324
4.8494358
3.7763128
3.7010982
4.775757
3.6567126
4.62154
3.0483048
4.9487968
4.0560534
3.6827168
4.9008718
3.6734644
5.0178596
2.9560458
1.9272828
4.3930516
2.9740376
2.1508264
4.9833204
5.138809
4.909707
2.494752
4.7022966
5.0147692
2.7513858
4.9827986
3.2555322
4.2551818
2.1168338
2.0707248
4.6180288
2.191444
4.0394194
3.305098
4.3766274
4.755664
2.8188936
5.1434226
3.8480964
5.5167412
2.2025022
3.10361
3.4085158
2.3567654
3.3336166
4.117799
4.4808796
4.2992644
2.7902026
4.7986528
3.4626542
1.6477874
5.2401346
1.8459878
4.9578892
2.5378936
3.0478056
5.5047842
2.7346646
2.4973764
4.91755
5.4082152
5.3020338
2.0899438
5.6892744
5.3602058
2.1737564
4.774262
2.6734644
4.9632598
3.2259282
1.9561798
5.1861244
1.9396374
4.3088772
3.1586074
4.5231946
4.9022354
2.8246852
4.9365796
4.7347358
5.0680352
1.6649574
2.4770056
5.2524728
2.6372276
3.3260054
3.9346986
4.7574012
4.5744842
2.8708806
4.8346352
4.5945398
2.6261114
5.8734476
2.105496
4.8796546
2.819373
1.8158754
5.2595688
2.887201
4.3178424
2.987152
5.1546168
5.7607514
3.1385746
4.701303
5.7894714
4.2217628
2.6542576
3.87208
5.2514128
3.7318846
3.0931542
4.663996
4.073544
4.4461982
2.7693736
4.7747526
4.5344504
2.6250322
4.3034024
2.3034776
5.060882
2.7823348
2.7979616
3.4871428
3.226343
4.380938
2.9308998
4.4628622
3.9998896
2.4273162
5.0207644
4.102546
3.198804
4.4943636
3.808044
4.6540512
3.079191
2.7495578
4.2471668
3.017528
5.5956732
2.1668322
4.4500256
4.7504424
2.2116026
4.5184862
4.3642848
5.326282
3.2967718
2.4811976
4.2905878
2.462739
2.3319902
4.4952978
4.8689728
4.7093692
3.2119352
5.1907644
4.7362866
1.9743338
5.7142902
2.2211168
3.7414028
1.6145716
2.418843
4.6745576
1.4325996
5.9472508
0.9823144
4.9800206
5.0261754
1.3208426
4.7196428
5.4972516
4.3674248
2.0852092
2.2007464
4.5908326
1.9672962
1.908528
4.6927276
4.8209186
4.7947462
1.4517492
5.5601082
4.0780008
0.9318474
5.326981
1.6618442
4.813155
1.882778
1.5457242
4.436981
1.6938898
3.9304478
1.215136
4.81295
3.6088136
2.2844714
5.3811354
5.0516208
4.6643548
1.0594082
2.4668702
4.3295128
2.0156556
1.4440612
4.5770242
2.171037
4.882017
1.4431634
4.3443178
4.5440528
1.8899608
4.4056204
5.135684
5.1863974
1.5305826
1.6349966
3.4467538
1.5516068
1.5387164
4.5742378
4.1268384
4.4857438
2.4339892
4.2525068
4.3448122
2.1718138
5.3657238
2.9251688
3.7678958
1.5288108
1.3741746
4.2113306
1.8465574
4.6078372
1.8375268
4.0145406
5.3456386
1.3196074
4.7988788
4.9629856
5.2252946
1.8072136
2.210241
4.459905
2.1582916
1.8085304
4.9333586
4.273443
4.7965174
1.6137314
5.1217274
5.4926634
1.1518996
5.0295822
1.4298176
4.55029
1.2156926
1.3788798
4.6684864
1.4052522
3.9722562
1.8097216
4.5417846
5.0788498
2.2840388
4.1970706
5.2838192
4.7062296
0.9208394
0.5813138
5.4905734
0.1073668
1.266082
4.2994646
4.813291
4.5117134
0.5774774
4.154392
3.8343456
-0.0003812
5.6215426
4.5680192
3.8417132
1.2169242
0.251418
3.4433086
0.8208522
1.0484944
4.4367898
4.6325366
4.4096074
0.8379292
4.6345346
5.1284876
0.9074438
3.9360082
0.3896454
4.5924268
0.2045392
1.7674226
4.781218
0.4492492
4.1739856
0.1929202
4.5054294
3.5037374
0.5756516
5.3052696
4.200675
5.4259294
0.6693378
-0.2198016
4.6274912
1.5574354
0.7756716
5.1934918
4.4074234
5.1572154
0.4238032
5.0294978
4.7890864
1.0992604
5.7680128
0.4435272
3.9928098
0.8165
0.7383108
5.138875
0.9836358
4.5213344
0.6560936
4.8768002
5.1030294
0.5590532
4.4382324
5.2796218
5.5309226
0.7122734
0.9320798
4.6103164
1.562104
1.4357086
4.5055296
4.7649524
4.5309298
1.4164352
5.0338838
4.4398858
0.9596164
3.8227318
0.0804758
4.0891992
0.8375268
0.9202798
4.71044
0.9700024
1.047029
4.2698672
5.240803
4.2809104
0.7376214
5.1291772
3.5588666
0.9683502
4.6677904
0.5156686
4.3319642
0.3942326
0.268714
4.5470826
1.3286944
5.6391096
1.0961052
5.2182328
4.0255254
0.734906
4.5673258
4.9493968
4.0053784
0.1343326
0.7640666
4.874212
0.3491376
0.582168
3.849071
4.4551244
4.9135936
0.1351964
4.1775904
4.5789886
0.7301246
6.2250136
1.6433896
4.775957
1.0875378
0.4521114
4.258191
0.4488468
5.2929838
1.2762194
4.6812514
5.1812684
0.9981562
4.8085994
4.123286
4.5820686
0.5746852
0.5641676
4.964372
3.90904
2.776091
5.2828388
3.454514
4.0827052
4.5508124
4.6176344
4.680073
2.8762678
5.4550388
3.8504686
5.0336972
3.6624968
3.6650304
4.3413684
3.2829542
4.8646596
3.7728534
4.1167352
4.144045
4.038772
4.7882082
5.7607702
3.360094
4.6989488
2.9873898
5.828717
3.3391284
3.6146806
4.5714322
3.0126426
4.7677084
3.9462736
4.5564548
4.235567
3.4293972
4.8385116
5.9143122
4.5883034
3.4018338
4.626305
4.409848
4.4872572
4.297005
4.0352852
4.8034086
4.0393698
3.7023632
3.8963224
4.793082
4.2170554
4.4563342
4.8212064
4.758332
3.8884644
2.5356686
4.2258548
3.9891084
4.5982038
3.6734988
4.8262086
4.1316948
4.3794778
4.5674538
5.104984
4.8292716
3.1679178
3.1302534
4.2188284
4.1238516
3.2487928
4.4159078
4.1710428
4.3517754
4.1603036
4.8651766
5.33994
3.3530558
5.3877564
2.8865206
5.0123236
3.2731314
3.274994
3.9197006
4.7871824
4.3640124
3.4714564
4.5230794
4.6973624
3.5358362
2.9887246
5.1362808
4.7547868
3.1235228
3.2658382
4.6959154
3.85885
3.6983706
5.365767
2.991058
5.1408848
4.0731278
4.44035
5.3821324
2.9097136
4.9304302
5.0274074
4.697401
4.5545966
3.2843606
5.270399
3.079951
3.3158276
3.825966
4.3762658
4.0604492
3.220753
5.0846276
5.5708858
3.9138042
4.353399
3.7821248
3.4033602
4.459991
2.7398412
4.1559706
3.2443418
3.9097584
3.655295
4.4746552
3.6348548
3.3682208
5.5937158
5.9032622
4.6255886
3.8704922
3.4742656
5.391563
3.7224872
4.707239
3.865305
4.967988
5.103536
2.6465224
4.5903076
4.4177992
3.444182
4.8090756
4.0350894
4.5552202
3.9772968
3.3263858
4.5526496
4.7477584
4.1416218
3.5534468
4.9348832
4.3553814
4.7626812
4.1929332
5.0624756
4.22119
3.7576804
3.0980884
4.7478066
3.1010344
3.850217
5.6851906
4.4431352
5.2321084
3.1258456
4.1028286
5.0657178
3.265949
5.2342852
3.4374488
3.8707804
3.039202
3.4799496
3.8526674
3.9139222
3.364985
4.7139668
5.1431012
4.5456238
3.0895162
5.4181688
4.3420568
3.853677
4.414809
2.9573268
4.0839478
3.432865
3.8488976
5.3561192
4.1069822
4.7780308
4.4618938
4.3725196
4.5916664
3.965659
4.5566586
4.628146
4.5498708
2.45659
3.2446044
5.2730938
2.741648
4.644687
4.3355286
4.5983194
4.2382176
3.7039562
4.5884156
3.512528
4.0481098
4.8015134
3.329547
3.8216984
2.8787738
3.4721434
5.3494602
3.6983536
4.0913348
3.5671186
4.4143684
5.029044
3.3452596
4.6211274
5.5842894
5.360817
3.652001
3.3849842
5.4743268
4.09233
3.6211494
4.41128
5.0374318
4.2356932
4.9428564
5.0554012
4.7177466
3.4884596
4.4338154
4.6137046
4.8876616
3.0898008
3.6687676
4.1571814
3.879
4.618069
3.478802
5.4281316
5.0125862
4.3690884
5.0712552
4.2260738
3.8717714
4.6962536
2.535605
4.7251878
3.1724002
3.7479124
6.045338
4.376549
4.094416
3.8634774
4.8950218
3.7818218
3.4737214
4.8103814
4.5524944
4.924461
3.422868
3.246101
4.6818116
4.663619
3.5402264
5.491583
5.0127148
5.6664898
2.9283034
4.6469262
4.787291
3.5817526
4.8000646
3.1647664
4.135441
3.9494556
3.7095988
4.6689336
4.2665638
5.2274472
3.5117028
4.9288228
4.3452164
3.4560752
4.556398
4.8625012
4.3517304
3.230557
3.9668674
4.3020648
3.286792
4.6501696
4.8651252
4.4934294
4.61714
3.0435924
4.214099
4.4815322
3.8244228
4.6618232
3.4948958
4.1725688
3.4263278
3.7946728
4.1213608
4.5542464
4.8392326
3.9933166
4.655718
4.749488
3.6552594
4.5907642
4.8043768
4.6877012
3.4403846
3.7268172
4.0870862
4.4260538
4.6077302
4.8588898
3.5207296
4.1298428
3.4994946
5.0594228
4.0837074
4.1943214
4.4040138
5.3914406
4.8105972
3.1215668
3.9406676
3.825801
3.9669396
3.3986098
4.7371266
4.3241582
4.5325174
3.9916822
4.382546
5.3443838
4.739009
4.9312766
2.9042738
4.2859872
3.6538518
3.2946622
5.3212142
4.0313882
4.3059098
3.85564
5.0405304
5.0048386
3.709378
3.7630276
5.337963
3.7398662
3.5652946
3.4654782
3.6202176
3.873644
4.0643218
5.1947342
4.0201574
4.7143718
3.6688444
4.4557164
4.99944
3.385547
4.9214288
2.7989172
5.2821
3.7206648
3.6348636
4.1329508
3.8719882
4.2941606
4.1917392
5.399891
5.0953298
4.5818818
5.9466782
4.8763394
3.937411
4.4643292
3.7833676
5.2930596
4.146649
3.9950672
3.627326
4.5865908
4.962974
3.0017352
4.4009588
4.387422
3.1266554
4.3119812
5.0629814
6.0220586
3.3338214
3.006929
5.3411204
2.6961546
3.9569338
4.7736768
3.490827
4.0727788
3.2107732
5.339597
4.069976
2.1604246
4.1649466
2.3992238
3.624225
2.0902688
2.6578012
4.6021086
3.2671372
4.614531
2.8824732
5.2944664
4.8505954
2.2321766
4.5307638
3.9518714
4.040553
2.387051
1.667171
5.2228186
2.154418
2.5857966
3.8604258
4.6534286
5.8917648
2.4232682
5.1563458
4.332778
3.3885212
4.6361822
1.8011772
4.4709686
3.1641526
3.099964
5.0773284
2.7794356
4.5964986
2.950317
5.7525936
4.103593
1.9165854
4.2377736
4.0884264
4.5215446
2.6155534
2.4482488
4.5743036
3.4553502
2.014841
5.1585018
5.8197398
5.548805
3.142916
4.104384
4.629227
2.9606274
4.7524586
2.4621652
4.0190824
2.5584248
2.6838672
4.5168716
2.676602
2.4692264
4.1204888
3.785817
3.6295512
2.4646564
4.7490958
4.6857916
2.3872736
4.360959
2.6310094
4.4699272
3.8065988
3.5636104
4.249611
2.1525276
3.508241
2.6833138
4.718346
4.5515402
1.1344318
5.42065
4.7741306
5.1642148
2.591394
2.5035332
5.2093504
2.2956628
2.7012364
4.7001326
4.5632302
4.8904822
2.1022504
4.717326
5.1178882
3.6867302
4.3864482
2.7090392
4.4872318
2.781946
2.9776542
5.1848518
2.0459042
5.1525066
2.9990234
4.632016
4.6830488
2.9088576
4.0213628
5.2331146
3.8229428
3.1182202
2.7689786
4.7928904
3.116827
2.603918
4.6351138
4.038297
5.414558
2.7705188
5.1924944
5.6511902
3.457441
4.81498
2.5897476
4.6058594
3.2014726
2.9292146
4.7278892
2.3146408
4.8657616
2.7970412
5.0214698
4.1366978
2.2404632
4.8399658
4.8959816
3.1433698
3.8617356
2.264055
3.8966262
3.1926888
2.7795294
4.4621408
2.485543
4.1369248
3.105175
4.733455
4.1345372
3.4246832
5.3582362
4.506207
5.3649478
2.2526396
2.4512372
4.514677
2.000463
2.7612276
5.417513
4.1996988
4.3261384
3.0137226
5.2778772
4.568718
2.4318144
4.3306962
3.1994694
4.258367
1.8967538
3.6928658
3.9415966
2.1959328
4.5719254
2.5093328
4.3557842
4.5272542
2.4435946
4.2164308
5.0201842
5.3122102
2.518071
2.4748956
5.2294234
2.1843076
1.8275432
4.315234
5.0043744
4.520731
2.7656324
4.1660832
5.0276158
2.9457916
4.6234728
3.0066384
4.5063222
2.4805992
2.8553092
4.933549
2.7313912
4.8769666
2.6202616
4.232438
5.3719672
2.3176068
4.019988
4.7782536
4.972041
2.3707988
3.3876288
5.5186312
3.1345566
2.4961392
4.9009918
3.020074
4.635099
2.945392
4.9437344
5.7497394
3.50107
4.8332452
4.605764
3.336479
2.7925046
2.7160512
4.0363256
2.0276334
2.8661842
5.7569108
4.995657
4.370301
2.572894
4.3650898
4.0594448
2.9592254
5.7470666
2.7044048
4.290668
2.7495988
2.4758488
4.9444756
2.41467
4.0381302
2.515091
4.606292
4.904795
2.8357982
4.9526552
4.384673
4.8135052
2.9236936
3.1960198
4.2438404
2.4218482
2.3901758
4.2301004
4.6133788
5.0477206
3.3408556
4.2360902
4.6598358
1.7285994
4.8320454
1.824263
5.0889312
1.6348184
2.5347318
4.8609384
2.021941
4.6388584
2.8180162
5.418091
4.9066112
1.946263
4.2531376
4.8647342
4.5434308
2.188982
2.078295
4.502768
2.2423336
2.9861912
5.3502536
4.8048714
4.2139486
1.1820706
4.747495
3.4299116
1.2272266
4.056817
5.4055428
4.1362276
1.546483
2.549118
4.0121594
0.4415846
2.3421144
4.6596112
5.6058326
4.0639128
2.6504514
4.288361
4.235701
1.9635698
5.0433236
3.1652104
5.434129
1.7251394
1.3591426
4.2213008
2.5981054
5.1265816
1.4864328
4.9232868
4.697001
1.299355
4.7059664
5.3054886
3.7977958
1.3637062
2.073765
4.9968146
1.1192644
1.9661128
4.6070064
4.7734236
4.6870082
1.5775778
3.585315
4.5889236
2.7860714
5.095722
1.28354
4.4738006
2.128821
1.465197
5.6171724
1.7036696
4.7425784
2.099259
5.0852826
3.6324456
1.6305884
4.757718
5.1837782
5.633593
1.7082502
2.0797388
4.1510786
2.475573
2.3634028
5.1925832
5.4023542
4.6856186
1.2718098
5.1328626
4.2638408
0.78045
4.509167
1.7027064
4.7834664
0.8277426
1.8277928
3.9872976
1.4642502
1.8339738
5.5063924
4.9061138
3.607364
2.6031898
5.3706874
4.4374514
1.1910532
4.584122
1.9328728
5.0524646
1.5113454
0.9797076
5.36924
1.5921444
4.9193632
1.2480112
5.1395672
3.717927
1.4100824
4.351903
4.7640718
4.9225992
2.1579648
1.3114888
5.1601492
2.3543298
1.6366158
5.384136
5.1284064
4.6611624
1.4048834
5.089429
4.9919856
2.5492236
4.9298466
1.368723
4.8456386
1.3418862
2.51763
4.5145446
0.9602014
4.5766824
2.420989
4.3914376
4.9953572
1.7318974
4.805053
5.474091
5.827019
1.6809812
1.4268514
4.994969
0.7966438
2.291963
4.1435096
5.253989
5.0556686
1.9308574
4.9176378
4.8041562
1.3097626
5.3945122
0.9088844
5.233119
1.4878818
2.2059272
5.408749
1.780515
4.8406526
1.5170956
4.8339674
4.0908034
2.813776
5.2835966
5.6830716
0.797894
5.2303742
1.5950422
5.6650548
1.6450374
2.6353776
4.432423
1.581062
4.8494652
2.3489578
4.2383372
4.8568318
2.4841914
4.1172728
3.9822608
5.1813696
0.8420212
1.9984876
4.704202
3.0932492
1.8090566
4.693406
4.704731
5.8186754
0.3289704
4.5578268
4.6750112
1.0414758
5.2494194
1.0565754
5.1577496
0.4801476
0.5622448
4.6124964
0.106753
4.2504646
0.4888518
5.2385336
4.763552
0.320266
4.766311
4.3380472
5.767204
0.4985226
1.2110622
5.2287536
1.1566432
0.9239372
5.0789638
3.6167786
4.7243826
-0.4849866
4.7919256
5.647072
1.0972218
3.8721748
0.6918864
4.4587022
0.7697992
1.067103
5.2827972
0.7249988
5.0746024
0.956728
4.4940826
4.5330034
1.2297366
4.270669
6.1938798
4.6424612
0.8627664
0.4999372
3.6619102
0.2022988
1.1057312
4.8458968
0.338198
4.0952654
-0.508207
4.7930558
4.6694134
0.5688518
4.3470756
5.322817
4.4118692
1.2536926
1.2650942
4.0744734
0.9960338
-0.8422002
4.659157
4.7963298
4.8041518
0.6523944
4.331347
5.2511852
0.6913824
5.3408518
0.3894604
5.1528618
0.5491878
1.2228018
4.2129562
0.5083766
4.6525278
0.6814144
3.9824484
4.0742486
0.8548928
4.2704788
4.586137
4.322479
1.2232992
0.7399546
4.9815286
1.197656
1.0140568
4.275718
5.366001
4.7419884
-0.232527
5.2961798
5.1941908
0.3694462
4.8405874
0.471858
3.8369846
0.6109286
0.8652102
4.579389
0.6892452
5.3066222
0.5219584
4.2518518
4.1923074
1.2211834
4.612892
6.4305972
4.2319826
0.4406594
0.746519
4.334167
0.2185416
0.6772652
4.805011
5.3921568
5.559385
1.2828814
5.0354216
4.7549784
0.741578
5.023075
5.5885458
4.8904052
1.0602586
2.0541146
4.7333946
-0.0548842
-0.2500636
5.7215006
5.093825
4.6594498
-0.1963986
4.3260824
4.5218234
0.7199826
4.8907112
0.9932238
3.9193608
1.3069444
1.2428068
4.032987
1.0598896
5.1328826
0.6257434
5.4841934
4.5471724
0.8053336
4.1164692
4.8046386
4.2192008
1.0376316
1.5021662
4.420999
1.2810622
0.5855438
5.2547322
4.5031876
4.3051464
-0.1282412
4.4204526
4.8016126
0.7271234
5.059253
0.8794028
3.9513586
-0.1342044
0.434715
5.0811202
1.3433482
5.0061666
0.2815618
4.9722044
4.8258102
0.8738926
4.30764
4.65389
4.3177056
1.2996738
0.8672334
4.5107866
-0.8853762
0.4202828
4.2564998
4.8469238
5.2622608
0.2921442
4.0919542
4.3201394
0.49893
4.3530232
-0.0793994
4.0590586
1.0439054
0.6182614
3.962051
0.140036
0.5746132
4.4055806
5.2834586
4.2997208
0.4426392
5.3458152
4.9668068
1.2888814
4.3803902
0.8797266
5.0492856
0.3522156
0.3841482
4.2434636
1.3750884
4.6245818
-0.3793624
4.5851838
4.5078142
1.1345834
4.1814586
4.2048426
5.3252162
0.912381
0.5482358
5.3847192
0.1998316
1.0958418
4.3505996
4.4803078
4.1970326
1.4127792
4.418685
5.3046038
0.475405
5.6431338
1.4863628
4.6255442
0.795667
0.4229398
4.042784
-0.279441
5.0738628
0.4896158
5.3785572
3.963155
0.1247598
4.5625036
4.8736168
5.4146884
0.8682272
0.7990608
3.8507496
3.5120382
4.091626
4.2759578
5.179059
4.266594
4.0592476
6.0885546
3.7635282
3.9399972
3.8935562
3.5483392
5.2051464
3.344515
4.540887
4.6629942
3.4976194
4.9405032
4.0303898
4.5247892
4.4331974
4.528531
3.7245586
5.5535168
3.1736594
5.4341624
3.2750812
4.0783516
3.9082514
4.3812554
3.9727242
3.8979736
4.8270512
4.7323478
5.6866368
3.6844126
3.2584926
4.7803722
3.714994
4.0631574
3.1315722
3.5894792
3.8739394
4.4555454
4.3134418
4.6327866
4.6555162
5.038196
4.0372402
4.4317432
6.0478776
4.0226344
4.5970686
3.8916116
5.1619682
3.4909966
3.3295934
5.306766
3.6393362
4.427275
3.4498546
4.7581586
4.2347632
3.729386
5.3082782
4.539693
5.289009
3.6184226
3.5760082
4.6092656
3.8565846
3.0861278
5.4401396
5.5709456
4.5408152
4.1864018
4.2477422
4.4678868
4.0835604
4.1293772
3.5938648
5.2049012
3.8312952
3.8272246
5.1786496
3.6367722
5.2556362
4.0414492
3.9245944
4.4991268
3.1619582
4.548152
4.6375312
4.9086404
4.2129436
3.4490538
3.4999454
4.2489954
3.6869612
4.804128
3.2935568
4.5984788
3.3843614
4.6420664
4.3779148
3.4090446
4.0051724
4.7408918
4.478625
4.921576
2.8962086
4.921536
3.635716
3.9850118
5.0140774
4.4831746
4.682402
2.9707148
4.976654
5.1903182
3.7467728
4.9330992
3.992667
4.3329288
4.4656852
3.8573218
4.8711296
3.2389916
3.8748922
3.298722
3.9651926
5.3495864
3.416286
4.8420748
4.1470804
4.6125176
3.0411058
3.4469612
4.0086788
3.9533356
3.2258102
4.7759874
4.7346372
5.2320652
4.2898522
4.5794546
4.3094264
3.7671508
4.2465862
2.7968316
4.8138856
3.1224474
4.2192204
5.0584538
3.9650116
4.5921226
2.9146208
5.162844
5.05217
3.3057744
5.1687196
5.012339
4.8926674
3.9848338
3.5207828
4.0658124
3.8288902
3.0130416
4.1703804
4.118405
4.4985268
3.6982566
4.6179622
5.0341092
3.2812168
5.665579
4.325816
3.9736802
3.3563794
4.6204664
3.9687656
3.830163
3.8210056
4.8051844
4.7676114
5.2275182
3.3890726
4.8296694
4.9252972
3.917266
4.9409836
3.38741
5.1961412
4.4467078
2.8169574
4.6683616
2.61312
3.3328456
2.997139
5.5703482
5.0008334
3.436283
4.2048046
4.563199
4.7572942
3.3818608
3.3308938
4.416673
3.3808494
3.697311
3.7477364
4.011214
5.1927818
4.0069646
4.943591
4.510238
3.5588682
4.4928394
3.6738774
5.1404892
4.380408
2.8895258
5.1801026
4.1082528
5.1131276
3.8754422
4.7019958
4.344178
4.1783508
5.0524244
5.3958308
4.3701156
4.9371554
3.9338668
4.8447326
3.7679472
4.0480122
4.8560284
4.9629562
4.916071
3.4259848
4.3248342
4.8424416
3.6804904
4.7168168
3.1444824
4.4004682
2.4961664
3.24207
4.8421126
3.6856864
2.4404114
5.0099118
4.3694648
4.3082776
3.8011782
4.6009462
3.524144
3.74377
4.5955754
3.9677766
3.9978414
3.870571
3.9199522
4.8010554
3.9443654
4.8838844
4.1097748
5.3604602
4.4137368
3.6991164
4.7098028
5.1516316
5.0993984
4.2307266
3.6657202
4.3935896
3.7898082
3.632778
3.8436834
4.0219864
3.8695366
3.6902042
5.0326558
5.6641804
3.8324668
5.0174282
3.4935122
5.5150444
2.9979218
3.6207538
5.0332598
3.4830444
4.5754952
2.8784794
5.4419624
5.6969972
4.3264128
4.5452534
5.2844658
5.7613228
3.7960604
4.228193
4.616271
4.1434872
2.7668356
5.3060372
5.2971976
5.4329046
3.235249
4.9685106
4.2577286
3.2691632
4.4621348
4.9514828
4.1880762
2.8029934
3.3659088
3.8091506
3.2788154
4.4004994
4.2138078
4.437644
3.9824978
2.5228566
4.5631084
5.069891
3.1541698
4.8179328
3.451987
4.105733
3.0681066
2.7059836
4.4141626
4.3302218
4.0534268
2.517883
5.2977898
5.3209364
3.6934224
5.0477488
4.7488172
4.646398
3.4596374
3.4669644
4.2668718
4.7965582
3.4961374
4.6378384
4.6363164
4.5886016
3.2896064
5.0692238
5.6397562
3.1234694
5.1409528
3.8529314
4.9103868
3.8272762
2.9035672
5.795486
2.8005942
4.9828834
3.2631144
4.4059142
5.8918882
3.0846758
4.0661188
5.227955
5.2166558
3.1719772
3.5024614
5.0374022
3.4642052
4.2282372
5.1812022
5.057521
4.4908532
3.6344812
4.9554782
5.1733182
4.290708
4.019882
3.6260574
3.7240508
3.1792424
3.593959
5.3792082
3.3403562
4.491039
4.689897
4.418277
4.5645246
4.3499484
5.637502
4.6919742
4.3199936
3.221667
3.5166974
4.631678
3.9564734
4.0314352
4.240353
3.039139
5.1439356
3.338472
4.911958
4.9875312
3.6517734
4.539079
4.6356644
3.2986392
2.945302
4.6054004
4.3602786
3.357804
3.1372134
4.127673
4.8442506
4.3083574
4.435718
4.7321136
4.5553312
4.1890282
4.6889462
3.871941
5.0701794
4.3319034
3.8755994
4.398098
4.6063454
3.9565874
4.0293
4.5052298
5.3070362
4.2732222
4.4146706
5.6743022
4.6910718
4.0814848
3.4251972
4.9068522
3.6865746
3.2110722
4.3287958
5.1853394
4.9588208
3.2395676
5.0289846
3.9352528
3.7301816
5.0169876
4.0095676
4.7666792
2.824926
3.616391
4.4740454
3.5278516
4.9105664
2.9641966
5.3347116
4.9258844
4.2139146
4.9345894
3.9663022
3.3208218
3.9297152
3.949283
4.4129978
3.8332378
2.4968862
4.4073962
4.3381396
4.3238172
4.5161628
4.9270484
4.6187112
4.128437
4.4700358
4.1466128
4.3469376
3.6629892
3.9187684
4.5908404
3.011181
3.5731244
5.1713928
4.8430172
3.759639
3.0489924
4.8025042
4.2688598
3.5360686
4.738472
3.6794282
4.6768576
3.0108678
4.4163078
5.3078952
2.5294612
4.5655752
4.298626
5.675806
4.7996638
3.7407856
5.0623358
4.5521392
5.1152422
3.6512562
3.1352476
4.043537
4.2296668
3.3861764
5.0839026
4.3157748
4.0105628
3.6220752
4.0696846
4.4521086
3.6965876
3.9053466
3.7076214
5.3511182
4.1933736
4.1175958
4.9153218
4.8775106
3.860992
4.1243776
4.628407
5.1191426
3.1050864
5.5158996
4.7084208
4.4682732
3.335414
4.1532196
5.0995796
3.35787
3.511643
4.6448656
3.9972962
5.094646
3.887586
4.6851256
4.1167602
2.868926
4.1329976
3.9770156
4.4015402
3.2158618
3.686387
5.2751566
3.6225832
3.9577928
4.8561434
4.2912074
5.0092304
4.298053
4.3389228
4.5942544
3.830987
4.235035
3.283299
4.2443856
3.207645
3.775565
4.374316
4.4325062
4.6398088
3.0653952
4.9679158
4.3931336
3.8593688
4.5031612
4.8943504
3.9599902
4.3438432
4.345758
4.8261904
3.8828916
3.1792238
4.0728272
4.359219
3.9999376
3.8345516
5.5087784
4.443593
3.6009946
4.3513056
3.0367164
5.0670158
3.3513984
4.131514
4.507636
3.1664804
5.0221806
4.0673544
4.4899494
3.6658232
3.2472256
5.371326
4.2782776
4.9619378
4.2664724
3.3729164
5.9888384
3.8159566
3.015131
4.767254
4.6362492
4.585187
4.0019144
4.7554024
5.641346
3.8950012
4.9892272
4.2260596
4.7905076
4.365662
4.1473818
4.6793146
4.1044014
5.3862092
3.3909424
3.2871998
4.8698638
2.2964758
5.5142694
4.764652
4.798392
3.8363648
4.5411708
3.6669958
4.7907656
3.8034858
4.2723818
3.5132634
4.9323418
2.8756242
4.9613944
4.5918414
3.2080788
3.7816448
4.6479406
4.8758424
4.0432518
3.9242832
4.5250434
3.2950132
4.1818872
5.910877
4.713721
4.1265996
4.024323
5.3332518
5.3369902
3.1198048
3.9022662
3.498488
4.8932708
3.8743974
3.6999632
5.6217818
2.988477
5.001759
4.5807968
4.5348504
4.6643578
4.7352356
5.2439316
4.8090506
4.724025
3.9476316
2.6511404
4.5622136
3.234118
3.9134684
4.9432822
4.9562418
4.5316682
3.9766756
3.4879972
4.0902552
3.130652
5.153861
2.8325128
5.302693
4.4568728
4.6025842
3.1842942
3.6363124
5.0638262
3.612524
4.4389378
4.779197
4.327979
5.4676838
4.902459
5.034654
4.5840546
3.1973298
3.6408018
4.7763764
4.9594382
4.7073662
5.4283094
4.8480884
2.8830478
4.6579218
5.0140624
2.6506542
4.5770766
5.7065966
4.9351192
4.3007598
4.0687134
4.614579
4.145585
4.2688876
4.2905866
4.1462282
4.6269172
3.8699222
4.9743242
4.5649318
4.712217
5.3595284
2.9646156
5.3326366
4.0668042
4.3461444
5.1698684
3.5821028
3.7017654
4.165295
5.0233362
5.1006098
3.1080162
4.9251878
5.1752328
5.2023642
3.22615
3.9671362
4.4313362
4.3178714
3.1459534
4.5474478
4.437117
4.802073
3.2691264
4.5213072
4.9180304
2.736522
5.0150942
3.084481
5.1433708
3.0298672
2.6595238
4.443965
3.070064
4.1131824
2.5377068
5.0820694
4.7005094
3.2814022
5.0981964
4.9755674
4.3563924
2.2624544
1.9251464
4.6749076
3.0779964
2.5156066
4.851488
4.5488642
4.141969
3.5119288
5.107619
3.9525316
3.3878666
4.407927
2.507557
3.7450272
2.457777
4.256943
5.0262098
2.2897778
1.8589642
4.3416516
4.6410526
4.8245996
2.3791232
5.1427452
4.1989422
2.7909148
4.488126
2.0404638
4.2184452
2.7627298
2.7715722
4.1139716
2.9302294
5.5286084
1.7105988
5.231339
4.2447878
2.5821768
4.4242098
4.5088792
4.9591064
2.6062012
2.2480286
5.233893
2.349285
2.3704192
4.0416006
5.2359724
6.2172908
2.8598996
5.2059122
4.4356402
1.8317284
4.5200976
2.0518716
4.270784
3.8450502
2.0982688
4.5165464
2.4259672
4.6458022
2.3250772
4.8821146
4.7069092
2.2460116
4.6703724
4.4389944
4.5877804
1.8875656
2.8613326
4.8727838
3.0432364
2.2117464
4.2599196
4.9180074
4.6206136
2.028158
4.0392162
3.6125686
2.8195706
4.949918
2.0202922
5.052215
2.9777278
2.6972292
4.470406
2.4826582
5.319778
2.9104824
4.5161736
5.2013862
2.8989418
5.42375
5.1182356
2.3906168
4.3557772
1.850946
4.4763046
3.0440628
2.7280734
4.6683272
2.6609174
4.719571
2.2430086
4.8411474
4.6694422
2.3877336
4.7048258
4.5483616
5.9812038
2.601094
2.7611624
5.5374048
3.5766264
2.130527
4.7201456
4.822633
4.7514292
2.2134128
3.3137058
4.1789798
2.3644488
4.1558992
2.576349
5.1426084
3.1615158
1.6873794
4.1203464
1.88479
4.8369912
1.2788028
4.1982416
4.9362696
2.9134736
5.019564
4.4243366
4.9036288
2.1762284
2.1764188
4.7339838
2.1636652
2.6315994
5.0740078
4.7652536
3.6116516
3.0551142
5.189428
4.6842974
2.3665182
4.3620086
1.8810852
3.9559488
2.8094468
3.9109758
4.0297144
3.0670204
4.7291936
1.8471224
4.6545232
4.4011596
3.2717606
4.2606794
6.1292264
5.6523426
1.7464684
2.3944084
4.1854092
1.8642012
3.3547188
4.9540046
2.4979502
4.7997482
3.3539952
5.3790746
5.1399712
2.9026452
4.6293848
4.808923
4.340852
2.2598422
3.22194
4.865891
2.0412408
3.1051146
4.2045524
4.9197248
4.8994798
1.5468064
5.3748208
4.1446724
3.0672164
5.0937784
3.2170922
4.028664
2.6788922
3.0992788
3.988593
2.6914246
4.3824488
2.7334566
5.334408
5.640428
3.025535
4.876873
3.6647624
4.3199094
2.9431998
2.5343472
4.4127412
3.0755578
2.084583
5.365565
4.1394834
4.9206216
2.7228422
4.0644162
4.7166654
2.5607
4.9124456
1.7598974
5.1712096
2.6811098
2.8187094
4.0669758
2.2361674
3.9960988
1.869193
5.2810142
5.5072752
2.7889906
4.2777008
5.4745926
4.4599442
2.6734834
2.1192278
6.1146208
2.3624906
2.7729266
4.6975044
5.0260862
5.1133708
2.480795
4.903769
5.334489
3.13544
3.9155826
4.917977
4.435074
3.3524498
3.059313
4.9124402
3.062741
2.7352066
4.3796072
3.6166198
4.683528
2.5755802
5.3605278
4.8256664
3.0430424
5.185949
2.7759722
4.3198468
1.9433016
2.7578608
4.9012844
2.431298
4.0732862
3.0045098
4.3239838
4.8112204
2.1888894
4.5477436
4.6279244
4.6467026
2.9868124
3.1402938
3.8953588
2.5904312
2.5366676
4.0724552
4.876162
4.5257102
3.0748902
4.3700234
5.1523542
2.704331
4.371839
3.4686192
4.864759
3.1710312
2.5837736
3.8864984
2.883283
4.6502288
2.3841348
4.8605872
4.6031436
2.3500018
4.5207644
4.7245234
3.5366054
2.0834168
4.0072284
4.6802006
3.2644158
1.9936536
4.7398056
4.0962154
6.2723972
2.6395074
4.869639
4.8032398
2.8344072
4.717253
2.8507404
4.5692618
3.09101
3.5129336
4.4451292
2.7828326
2.2422554
5.1122872
4.8766724
5.0159394
2.1586078
4.9753068
4.5306216
2.4469784
4.2215526
2.6322336
4.4471814
2.3377622
2.5112106
3.890672
2.707993
4.9536666
2.8319052
4.3405982
3.5324128
2.4352306
4.879051
4.2331436
4.8590022
2.5742382
2.6117106
5.3933124
4.1273928
2.6668644
4.932435
4.835446
4.2075538
2.4440244
4.901934
4.8232882
3.3044504
5.0228122
1.9758632
4.420654
3.6158846
2.5342554
4.7591642
2.6882082
5.7531472
2.9096366
4.0386228
4.2639448
1.5318658
5.5920802
4.531004
4.337117
3.4031012
3.6324098
4.9483884
2.5986864
2.9596158
5.002926
4.944423
4.0690432
2.3792234
4.0362158
4.7389816
2.8850754
4.9324614
2.9418838
5.141512
2.4530116
2.4538334
3.7388088
3.223707
4.587986
3.070504
4.4715794
5.0522228
3.0955402
4.8751594
4.2495252
3.8032658
5.3623298
2.8277154
4.4054354
3.539158
2.8279954
4.2632326
2.883784
4.8165694
2.8016044
4.261182
5.5508774
2.0331386
4.8905668
4.9830904
4.419131
3.2117254
2.838132
5.0055768
3.0268396
2.4407434
6.0927704
4.591161
4.337424
3.4837938
4.4046632
5.1347718
2.0970124
3.810969
2.8963372
4.944647
3.1002272
2.0067478
4.690775
2.9813738
4.346852
2.4292698
5.668965
3.9133128
1.369049
4.8748102
4.5566812
4.2594646
2.8645188
1.4142252
6.044489
3.1184064
2.6593006
4.4660452
4.904456
4.3781148
1.6788242
4.7223612
3.9534208
2.1747728
5.6643054
2.7873118
5.3229062
3.6536498
2.4003388
4.8216318
2.8248534
4.9277886
2.4036402
5.1628208
4.3888312
1.9150092
4.0932278
4.019349
4.6353638
1.6177056
2.2339544
4.2164738
1.9806482
2.1664192
4.6903746
0.6233168
4.7375086
1.4037162
4.974047
3.8273502
1.3753074
5.2955064
4.2368074
5.219239
1.2882082
1.8731308
5.0093996
1.2618774
2.1630706
4.4925886
4.458128
4.5503926
1.3789284
5.4253386
4.6889456
2.5272252
4.3993622
1.8128228
4.0363658
2.162333
1.63051
4.8875644
1.9793376
4.8970762
2.4522534
4.8601848
5.1167568
0.5372522
3.5102222
4.6760722
4.5974294
0.8923254
1.8534574
4.2618142
1.602154
1.8334476
4.613599
5.4207034
4.6806564
1.4621758
4.9819854
5.3768532
2.6153848
5.1239486
2.8048142
5.534712
1.4398036
1.8977504
4.208304
1.2284492
3.8134114
1.1694344
4.1118126
5.9796578
1.3259972
5.4953138
4.6172468
4.4358744
1.60599
1.248043
5.1773212
1.3283644
1.728323
4.5679288
5.0313596
4.6118396
1.9904006
4.6084136
4.6233326
1.7704286
4.183533
4.4071662
4.8856348
1.6210702
1.1447246
4.3931876
1.8005942
1.6498268
4.6188602
4.856915
4.5259272
1.8274006
5.399082
5.7882118
1.6698316
5.3816222
2.3062084
3.7168974
1.2979218
1.8349658
4.0026338
1.7472632
4.4130198
1.3148228
5.5528936
5.2342562
1.934259
4.4364612
4.79049
4.9746334
1.7431592
1.4291802
5.4876734
1.0953104
1.6226786
4.4419402
5.1878184
4.7022628
0.0754382
5.1378932
4.1445158
1.7329794
4.9667424
1.4277962
4.738336
2.3065638
2.0345074
4.954424
1.5187908
5.4606694
1.0314998
5.118771
4.2088736
2.6252244
4.4895242
3.9319754
4.7132344
1.1036612
1.920454
4.2355702
1.2508608
2.234275
4.5638928
4.0911506
5.1402058
1.9776426
5.0151976
4.7315708
1.31185
4.6526392
1.6336844
4.5345272
2.5420284
1.4635052
4.8773636
1.3768978
1.6319222
4.2796806
4.4335406
4.592049
0.9151696
4.0325642
5.2064608
1.6056744
4.7314852
1.4971902
5.0964438
1.8192568
1.97708
4.7278004
0.7744368
5.208743
1.2563344
5.0882952
4.8674398
1.263496
4.7453756
4.087576
4.70491
1.936285
1.2696036
4.6065208
1.470914
1.3727854
4.216535
5.2333416
4.5013184
1.9846968
5.2154008
4.5054196
1.8981358
4.8505552
1.577991
5.0940972
1.4843414
1.4504856
4.7851198
1.7797184
4.7182532
1.5455778
4.4287858
4.924472
2.1206394
4.1059322
3.7290992
4.6776924
2.2792466
1.1822676
3.666379
2.2012766
2.1788956
4.051122
4.5571068
4.5665856
2.063827
4.9576776
4.8977314
1.526761
4.384831
0.6683296
4.0315254
1.550919
1.408873
4.1815462
1.9655718
5.1531586
1.9407614
4.7143678
4.8452962
1.6538094
4.3375874
4.6344894
1.3389088
4.7316814
2.3096862
4.9245284
1.4789122
2.151061
4.5454204
2.0402202
5.4206568
1.705874
5.657284
4.6976216
0.9061544
5.1529828
4.6689284
4.2284564
1.5990716
1.0368464
5.6873116
2.646079
1.4327818
4.615234
5.528222
5.0392032
1.9172794
3.4194792
4.7009976
0.9740488
4.8285978
1.077459
5.1941532
1.8771284
1.7462812
5.1721276
2.8530284
5.1310982
1.8008918
4.2260828
4.6676558
2.4122148
4.9239528
4.3381798
3.9379448
0.9391898
1.9247098
4.8954496
1.242496
1.1612844
4.21659
4.4814366
4.1900882
1.2518178
4.6869312
4.2585274
0.4692596
4.0511836
1.624352
5.0333244
1.0248232
1.138735
4.9384824
1.9277504
5.4927396
1.882088
5.474718
4.5737804
2.3449082
4.8092896
4.7251936
3.3248118
0.9690722
1.7134842
4.642038
1.0400344
2.0122664
5.2918614
1.276331
4.9107542
1.0944026
4.6750342
5.7975356
1.3614538
4.2201806
4.9287232
3.8260528
2.2699752
2.4981372
4.412234
2.5420696
2.3277852
5.695321
4.88158
3.7863454
1.6795382
4.296786
4.6829962
1.8044376
4.2379716
1.1313338
3.8391994
2.0273426
1.2120112
3.9442644
1.9393082
5.6160802
1.3384974
4.0614004
4.8839226
1.6590728
5.1421014
4.6527278
4.5167924
1.4981278
0.930862
4.0373704
0.8453762
1.8002504
4.7240392
4.206648
2.8161284
2.495209
4.7678088
4.9225638
1.3448632
5.2765854
1.9816872
4.0640326
2.2236206
1.6878748
5.1234576
0.601025
5.0549544
0.8195316
5.5510232
4.9920958
0.3825464
4.4011908
4.9521484
4.481715
1.984638
-0.0396176
4.8195964
-0.0903682
0.084018
4.0380422
4.775377
4.8857902
1.0648154
3.43693
3.9343456
-0.4434524
4.4028622
4.3646804
5.1825376
0.6515086
-0.6321484
5.0859608
0.5141556
0.8076152
4.4886998
4.5768762
4.6796652
0.6749414
4.6396266
5.3014904
0.66705
4.2719874
1.036508
4.9781656
-0.0777358
0.767629
6.3004856
0.7128358
3.984901
0.3725138
5.4641752
4.7546354
1.1567392
4.8527752
5.2133622
5.1596634
0.3830044
0.2381762
4.3002046
0.2545818
0.454907
4.2355362
5.471332
5.0343024
0.5223082
4.2718352
4.888956
0.4046362
5.4979792
1.076154
4.0317002
0.3039482
0.7723386
3.3813084
0.5128792
3.6788414
0.8569702
3.4901108
3.7416944
0.368254
4.1411726
4.1604558
3.91785
1.4727322
1.1513992
4.4567056
0.404196
0.629212
3.309113
3.340678
4.0798424
0.4449232
3.310111
3.933754
1.9429028
4.0316112
1.6912
2.6617992
1.0382342
0.116984
2.860925
0.4906858
0.8855598
4.287201
4.257164
4.0560608
1.7718982
2.8300456
2.963611
0.1495304
3.4596744
0.9431036
3.8908852
0.3979592
0.9673926
3.7108752
0.4322824
3.1699048
1.5554698
3.7406596
4.1853992
1.260817
3.6535906
3.6334596
3.3143992
0.6326334
0.2855938
3.5085394
0.01231
0.4824736
4.6113456
3.3332074
3.220824
1.7444904
3.6288104
5.02147
0.5222102
3.9172752
0.740202
4.6466222
1.0239244
1.4852124
2.8225322
0.6691156
3.9663884
1.3806496
4.1366188
2.7938588
0.3746736
4.566032
3.2984146
4.2640016
0.8101034
1.0946576
4.319313
0.568738
1.3399238
2.9587828
3.035729
3.506675
1.0983298
2.7764152
3.9494608
1.3925324
3.0395514
0.6152258
2.6698664
0.4700544
0.6539108
3.1892532
1.860397
2.951305
0.5299666
4.4789548
4.9172234
-0.4137722
2.6319616
3.9305094
0.797246
3.5110576
0.2651692
3.1171348
1.3039012
0.5025616
3.3278974
0.8849146
3.2319986
1.0923292
4.1238266
4.055274
1.1344276
4.2459956
3.0850722
3.171565
0.1335022
-0.1312776
4.3160116
0.4299196
0.6099884
4.5337792
3.5691592
4.09528
0.8498436
3.4817152
3.646415
1.4782198
4.7937134
0.4250662
4.0807198
1.4808016
0.6823418
4.1546494
0.7737676
3.7379656
0.7539392
3.2455438
3.817765
1.303805
3.6625042
4.781904
2.7001044
0.6172582
0.5535024
2.8791022
-0.0843324
1.7251668
4.2675438
3.3371152
3.125929
0.7614338
3.440258
3.1999614
0.73997
3.6497786
0.9014296
3.0858048
-0.0171322
0.8867916
3.0029534
1.2673328
4.1656518
0.0449708
3.6231512
3.1109682
0.1460422
3.9387976
3.2086048
4.4882342
0.0380718
0.2683984
2.954639
0.5880454
1.3660472
4.0925656
0.5972848
3.9128558
1.2045976
3.1998916
4.1493348
0.114883
4.5699484
2.536868
3.6866466
1.2305144
0.7613926
4.1163166
1.8625082
0.8613812
4.0843668
4.1909782
3.7908934
1.0763964
2.8787228
4.4575822
1.2399374
3.683029
0.565079
3.8533714
0.9401344
0.4583158
4.1293836
0.0729298
2.7561142
0.7969158
3.841402
4.6175186
0.7473894
3.4166386
3.2622138
3.7888834
0.8405122
0.6864574
4.1888402
0.946043
0.2218902
3.1302724
4.1552418
3.4782832
1.074426
3.997164
3.8815928
0.6538722
3.3896072
0.5628318
3.262878
0.3221446
0.7997
3.9771636
0.2948216
4.1878354
0.7484696
3.4788264
3.3503162
0.4114058
4.0094036
3.8871708
3.6791308
0.2584514
0.96042
4.4174066
1.4485332
0.6333608
3.3155268
4.4697296
4.0864192
0.6324864
3.5642852
4.6486422
0.2900338
3.72414
3.788332
3.9878124
0.686661
0.793764
3.5587448
1.4412836
1.161695
3.7058228
3.4554576
2.8294786
0.8234258
3.75859
2.9534278
1.2969062
3.75358
1.0593072
3.5186586
0.6373538
1.1768354
3.6483364
-0.4759454
4.0625956
0.2264238
3.8696894
3.4308788
0.2305498
3.331485
3.3566554
4.1246476
0.0154792
0.2853512
4.3590052
1.3480898
0.4177062
3.7338774
3.285574
3.6342954
0.1144148
4.534466
3.499978
0.4927264
3.9115976
0.7423374
3.6942836
1.1137576
0.4729292
3.5106756
0.489367
3.2286906
0.8982482
3.6268426
3.7990534
0.8417354
3.3513606
3.0140148
3.288391
0.3915334
2.0998016
3.8394858
0.7413498
0.451547
3.1466956
2.9156732
3.1977068
0.731029
3.770193
3.09552
0.2145838
3.3009834
0.5406434
3.7813748
1.1759922
1.3907526
4.4181454
0.3382162
0.6938914
2.8639484
3.5807538
3.4981304
0.879075
3.9072958
4.4046802
0.6821288
3.3641904
-0.4719336
3.1712714
0.6680772
0.1264224
3.6162184
0.641424
3.4561054
1.0057918
3.721035
3.3452198
1.2616622
3.419585
3.9864616
3.2092026
0.2710468
0.8735362
4.7687252
0.6530464
0.0080414
3.6720532
3.8650934
3.5273376
1.1747294
3.9841758
3.6841944
0.8933594
3.6261472
0.05011
3.4227052
0.6206506
0.1893762
3.0240538
0.7078996
3.66669
0.2672296
3.4898438
3.3265736
0.8571766
4.2179346
3.3562258
3.17489
0.5448674
0.0488454
4.4168088
0.3202864
2.0047404
4.367849
3.363341
3.6468254
0.0867116
4.8158868
4.0242764
